1757.0 687.0 331.0 458.0 
1713.0 725.0 356.0 518.0 
2252.0 581.0 240.0 413.0 
1812.0 622.0 284.0 410.0 
1787.0 641.0 292.0 415.0 
1775.0 657.0 316.0 420.0 
1797.0 611.0 289.0 423.0 
1791.0 614.0 283.0 418.0 
1770.0 625.0 292.0 440.0 
1786.0 625.0 285.0 456.0 
1954.0 581.0 260.0 368.0 
2182.0 603.0 252.0 381.0 
2132.0 579.0 274.0 371.0 
2039.0 596.0 275.0 367.0 
1932.0 612.0 279.0 374.0 
2032.0 567.0 249.0 385.0 
1985.0 584.0 251.0 389.0 
1925.0 579.0 268.0 379.0 
1845.0 581.0 256.0 377.0 
1846.0 577.0 259.0 382.0 
1834.0 590.0 258.0 380.0 
1848.0 577.0 257.0 389.0 
1861.0 587.0 255.0 391.0 
2208.0 521.0 241.0 352.0 
2128.0 543.0 279.0 366.0 
2106.0 587.0 275.0 366.0 
2051.0 553.0 255.0 384.0 
1965.0 531.0 268.0 373.0 
1935.0 574.0 281.0 375.0 
1895.0 549.0 259.0 381.0 
1923.0 541.0 275.0 386.0 
1908.0 564.0 276.0 378.0 
1918.0 537.0 254.0 393.0 
1808.0 600.0 279.0 422.0 
1886.0 572.0 292.0 408.0 
1828.0 593.0 286.0 444.0 
1829.0 632.0 294.0 394.0 
1818.0 616.0 284.0 404.0 
1828.0 589.0 288.0 401.0 
1799.0 611.0 291.0 399.0 
1794.0 631.0 292.0 404.0 
1802.0 601.0 295.0 400.0 
1793.0 614.0 294.0 402.0 
1800.0 615.0 285.0 406.0 
1803.0 601.0 287.0 401.0 
1828.0 610.0 283.0 411.0 
1778.0 645.0 303.0 422.0 
1782.0 634.0 302.0 431.0 
1799.0 607.0 292.0 425.0 
1784.0 621.0 299.0 452.0 
1766.0 668.0 326.0 494.0 
