43.0 24.0 5.0 35.0 
43.0 21.0 3.0 36.0 
46.0 17.0 1.0 33.0 
101.0 25.0 13.0 19.0 
73.0 13.0 0.0 29.0 
104.0 17.0 7.0 21.0 
83.0 26.0 13.0 20.0 
70.0 25.0 11.0 23.0 
93.0 15.0 4.0 24.0 
97.0 23.0 10.0 20.0 
95.0 17.0 6.0 22.0 
68.0 22.0 9.0 24.0 
51.0 18.0 3.0 30.0 
49.0 16.0 1.0 32.0 
80.0 14.0 2.0 27.0 
52.0 15.0 0.0 31.0 
55.0 14.0 0.0 30.0 
76.0 25.0 10.0 22.0 
48.0 22.0 5.0 30.0 
63.0 24.0 8.0 25.0 
56.0 23.0 6.0 27.0 
50.0 25.0 7.0 29.0 
88.0 16.0 4.0 24.0 
51.0 21.0 5.0 29.0 
46.0 20.0 3.0 32.0 
86.0 14.0 2.0 26.0 
99.0 19.0 9.0 21.0 
77.0 21.0 8.0 22.0 
99.0 22.0 11.0 20.0 
95.0 20.0 8.0 21.0 
59.0 22.0 6.0 26.0 
81.0 23.0 11.0 21.0 
53.0 24.0 7.0 28.0 
64.0 14.0 1.0 29.0 
54.0 20.0 4.0 28.0 
52.0 18.0 2.0 30.0 
79.0 24.0 10.0 21.0 
77.0 18.0 6.0 23.0 
62.0 15.0 2.0 28.0 
75.0 16.0 4.0 25.0 
48.0 19.0 3.0 31.0 
72.0 23.0 8.0 23.0 
61.0 21.0 6.0 26.0 
66.0 23.0 8.0 24.0 
57.0 19.0 4.0 27.0 
64.0 20.0 6.0 25.0 
57.0 16.0 2.0 28.0 
74.0 22.0 8.0 23.0 
74.0 19.0 6.0 24.0 
61.0 18.0 4.0 27.0 
68.0 19.0 7.0 25.0 
54.0 17.0 2.0 29.0 
81.0 20.0 9.0 22.0 
70.0 20.0 6.0 24.0 
64.0 17.0 4.0 26.0 
130.0 25.0 14.0 18.0 
99.0 29.0 15.0 19.0 
122.0 15.0 5.0 23.0 
115.0 14.0 3.0 25.0 
117.0 28.0 15.0 18.0 
102.0 13.0 1.0 28.0 
126.0 23.0 11.0 19.0 
128.0 22.0 12.0 19.0 
128.0 19.0 10.0 20.0 
124.0 20.0 9.0 20.0 
117.0 16.0 5.0 23.0 
95.0 27.0 12.0 20.0 
113.0 26.0 12.0 19.0 
