661.0 131.0 16.0 137.0 
249.0 164.0 31.0 180.0 
608.0 135.0 17.0 139.0 
741.0 127.0 14.0 129.0 
455.0 148.0 22.0 160.0 
688.0 131.0 15.0 134.0 
251.0 163.0 31.0 179.0 
718.0 126.0 16.0 128.0 
688.0 130.0 16.0 135.0 
241.0 159.0 33.0 179.0 
629.0 131.0 16.0 139.0 
247.0 160.0 34.0 176.0 
719.0 129.0 15.0 132.0 
245.0 159.0 33.0 177.0 
768.0 126.0 14.0 127.0 
446.0 144.0 22.0 163.0 
795.0 125.0 14.0 125.0 
822.0 124.0 14.0 123.0 
248.0 158.0 32.0 177.0 
252.0 162.0 31.0 177.0 
254.0 157.0 31.0 175.0 
771.0 126.0 15.0 126.0 
695.0 130.0 16.0 132.0 
233.0 168.0 30.0 200.0 
1637.0 93.0 12.0 76.0 
446.0 177.0 20.0 228.0 
756.0 174.0 13.0 240.0 
761.0 176.0 13.0 239.0 
489.0 170.0 18.0 221.0 
329.0 164.0 23.0 205.0 
518.0 173.0 17.0 218.0 
386.0 162.0 21.0 202.0 
296.0 161.0 24.0 195.0 
250.0 165.0 29.0 196.0 
282.0 166.0 26.0 202.0 
493.0 174.0 18.0 218.0 
491.0 173.0 18.0 220.0 
462.0 156.0 19.0 193.0 
734.0 144.0 14.0 179.0 
267.0 165.0 27.0 202.0 
856.0 134.0 12.0 162.0 
263.0 156.0 28.0 172.0 
256.0 160.0 30.0 173.0 
357.0 161.0 22.0 200.0 
302.0 142.0 36.0 184.0 
1663.0 93.0 12.0 73.0 
1104.0 120.0 12.0 114.0 
1394.0 105.0 12.0 94.0 
319.0 154.0 24.0 172.0 
1134.0 116.0 12.0 107.0 
527.0 156.0 17.0 191.0 
1051.0 100.0 21.0 126.0 
1329.0 114.0 12.0 98.0 
349.0 153.0 23.0 176.0 
1670.0 97.0 12.0 70.0 
1315.0 107.0 12.0 100.0 
459.0 146.0 20.0 163.0 
357.0 158.0 23.0 174.0 
1131.0 119.0 12.0 112.0 
1501.0 100.0 12.0 86.0 
802.0 139.0 13.0 168.0 
942.0 132.0 12.0 156.0 
988.0 118.0 12.0 119.0 
775.0 140.0 13.0 170.0 
852.0 129.0 13.0 155.0 
480.0 151.0 19.0 186.0 
332.0 163.0 23.0 202.0 
857.0 133.0 12.0 159.0 
544.0 152.0 17.0 187.0 
1475.0 104.0 12.0 93.0 
280.0 155.0 27.0 172.0 
545.0 155.0 18.0 159.0 
1092.0 123.0 12.0 112.0 
292.0 165.0 26.0 202.0 
407.0 155.0 21.0 178.0 
282.0 153.0 27.0 169.0 
510.0 148.0 18.0 162.0 
260.0 156.0 30.0 171.0 
313.0 152.0 26.0 170.0 
344.0 149.0 24.0 167.0 
827.0 139.0 13.0 165.0 
522.0 140.0 19.0 152.0 
485.0 147.0 19.0 165.0 
830.0 130.0 13.0 154.0 
1323.0 113.0 12.0 99.0 
788.0 124.0 15.0 122.0 
247.0 162.0 42.0 174.0 
232.0 171.0 42.0 201.0 
1658.0 81.0 13.0 54.0 
436.0 151.0 22.0 180.0 
883.0 117.0 13.0 117.0 
238.0 161.0 35.0 197.0 
878.0 114.0 14.0 115.0 
601.0 140.0 17.0 166.0 
1258.0 96.0 13.0 84.0 
411.0 151.0 23.0 187.0 
561.0 130.0 18.0 139.0 
299.0 152.0 27.0 193.0 
967.0 105.0 14.0 102.0 
1477.0 90.0 13.0 69.0 
1012.0 107.0 13.0 104.0 
1577.0 84.0 13.0 60.0 
823.0 114.0 14.0 118.0 
1334.0 94.0 13.0 78.0 
1069.0 104.0 13.0 99.0 
419.0 149.0 23.0 182.0 
1362.0 93.0 13.0 77.0 
1305.0 95.0 13.0 85.0 
1227.0 98.0 13.0 87.0 
456.0 139.0 22.0 155.0 
481.0 136.0 21.0 148.0 
422.0 138.0 23.0 159.0 
1603.0 83.0 13.0 58.0 
1448.0 89.0 13.0 70.0 
887.0 111.0 14.0 111.0 
914.0 108.0 14.0 106.0 
493.0 142.0 20.0 170.0 
1532.0 90.0 13.0 64.0 
1637.0 82.0 13.0 56.0 
1633.0 84.0 13.0 57.0 
563.0 129.0 18.0 139.0 
964.0 106.0 13.0 105.0 
902.0 109.0 13.0 111.0 
473.0 135.0 21.0 153.0 
940.0 106.0 14.0 104.0 
1043.0 103.0 13.0 100.0 
1151.0 100.0 13.0 92.0 
1526.0 91.0 13.0 67.0 
1443.0 91.0 13.0 74.0 
910.0 109.0 13.0 109.0 
1173.0 100.0 13.0 91.0 
889.0 116.0 13.0 114.0 
1019.0 109.0 13.0 103.0 
565.0 128.0 19.0 142.0 
517.0 134.0 20.0 145.0 
1478.0 91.0 13.0 68.0 
868.0 113.0 15.0 112.0 
418.0 142.0 24.0 160.0 
616.0 128.0 17.0 138.0 
995.0 105.0 14.0 100.0 
597.0 128.0 18.0 135.0 
836.0 115.0 15.0 114.0 
590.0 128.0 18.0 137.0 
1418.0 95.0 13.0 75.0 
538.0 133.0 19.0 145.0 
1447.0 93.0 13.0 71.0 
1150.0 104.0 13.0 93.0 
883.0 113.0 14.0 116.0 
542.0 130.0 19.0 139.0 
509.0 135.0 20.0 148.0 
1758.0 72.0 22.0 72.0 
1693.0 74.0 23.0 74.0 
1636.0 76.0 24.0 79.0 
1134.0 95.0 22.0 118.0 
1418.0 83.0 22.0 94.0 
1163.0 95.0 22.0 116.0 
1726.0 73.0 22.0 74.0 
1623.0 77.0 22.0 82.0 
1526.0 81.0 22.0 86.0 
1299.0 89.0 22.0 106.0 
1608.0 78.0 22.0 83.0 
1056.0 97.0 22.0 122.0 
1661.0 75.0 22.0 78.0 
1656.0 76.0 22.0 76.0 
1688.0 74.0 22.0 76.0 
1569.0 79.0 22.0 86.0 
1272.0 90.0 22.0 108.0 
1553.0 80.0 22.0 84.0 
1353.0 87.0 22.0 102.0 
1245.0 91.0 22.0 110.0 
1515.0 81.0 22.0 90.0 
1584.0 78.0 23.0 84.0 
1596.0 78.0 22.0 84.0 
1238.0 92.0 22.0 110.0 
1498.0 81.0 23.0 90.0 
558.0 142.0 18.0 153.0 
423.0 152.0 22.0 169.0 
1646.0 78.0 14.0 47.0 
248.0 149.0 37.0 154.0 
1645.0 82.0 19.0 46.0 
250.0 145.0 33.0 157.0 
255.0 150.0 35.0 148.0 
352.0 143.0 34.0 146.0 
280.0 149.0 36.0 148.0 
353.0 137.0 30.0 147.0 
1495.0 83.0 16.0 62.0 
642.0 124.0 29.0 117.0 
257.0 147.0 31.0 151.0 
250.0 146.0 33.0 155.0 
850.0 107.0 18.0 109.0 
1422.0 94.0 27.0 59.0 
350.0 144.0 35.0 147.0 
423.0 136.0 24.0 145.0 
1456.0 84.0 17.0 62.0 
309.0 147.0 30.0 151.0 
1396.0 89.0 22.0 64.0 
353.0 138.0 29.0 147.0 
573.0 125.0 19.0 130.0 
519.0 128.0 20.0 135.0 
1156.0 99.0 23.0 81.0 
494.0 130.0 21.0 138.0 
989.0 109.0 26.0 91.0 
258.0 145.0 32.0 150.0 
412.0 141.0 32.0 137.0 
1613.0 87.0 24.0 46.0 
378.0 140.0 33.0 141.0 
998.0 103.0 14.0 93.0 
482.0 135.0 31.0 131.0 
1565.0 84.0 20.0 49.0 
977.0 103.0 15.0 93.0 
255.0 149.0 36.0 152.0 
338.0 140.0 25.0 149.0 
317.0 140.0 27.0 153.0 
455.0 138.0 32.0 136.0 
447.0 132.0 23.0 141.0 
473.0 131.0 22.0 138.0 
317.0 143.0 26.0 151.0 
310.0 140.0 28.0 155.0 
730.0 115.0 16.0 115.0 
749.0 118.0 28.0 108.0 
598.0 123.0 18.0 127.0 
1274.0 93.0 15.0 73.0 
1625.0 79.0 15.0 47.0 
624.0 121.0 17.0 124.0 
1261.0 91.0 16.0 78.0 
834.0 119.0 27.0 102.0 
302.0 143.0 32.0 153.0 
1565.0 89.0 25.0 47.0 
1409.0 92.0 21.0 62.0 
1571.0 81.0 15.0 51.0 
1507.0 92.0 25.0 52.0 
1430.0 86.0 14.0 63.0 
509.0 126.0 24.0 128.0 
1268.0 92.0 14.0 75.0 
1213.0 93.0 17.0 80.0 
777.0 111.0 17.0 113.0 
654.0 120.0 17.0 122.0 
1264.0 101.0 25.0 70.0 
403.0 140.0 33.0 139.0 
1152.0 103.0 27.0 79.0 
539.0 124.0 20.0 134.0 
722.0 115.0 22.0 111.0 
1395.0 95.0 27.0 61.0 
1342.0 89.0 16.0 72.0 
964.0 102.0 16.0 98.0 
1288.0 90.0 16.0 76.0 
937.0 103.0 16.0 100.0 
694.0 125.0 28.0 113.0 
1480.0 91.0 24.0 54.0 
1321.0 98.0 25.0 64.0 
1052.0 110.0 26.0 85.0 
274.0 144.0 32.0 155.0 
590.0 122.0 19.0 129.0 
481.0 137.0 31.0 133.0 
516.0 135.0 29.0 126.0 
331.0 139.0 27.0 155.0 
702.0 123.0 27.0 110.0 
1105.0 106.0 25.0 82.0 
1180.0 94.0 16.0 84.0 
1403.0 87.0 14.0 65.0 
810.0 108.0 18.0 109.0 
1172.0 95.0 17.0 86.0 
678.0 119.0 17.0 120.0 
1106.0 98.0 14.0 87.0 
1376.0 88.0 14.0 67.0 
784.0 112.0 16.0 111.0 
1457.0 85.0 14.0 61.0 
1134.0 99.0 15.0 86.0 
434.0 133.0 24.0 146.0 
758.0 114.0 17.0 114.0 
1058.0 100.0 15.0 89.0 
946.0 105.0 16.0 99.0 
1031.0 101.0 15.0 91.0 
888.0 115.0 27.0 98.0 
812.0 117.0 23.0 104.0 
377.0 137.0 28.0 145.0 
925.0 106.0 17.0 99.0 
643.0 118.0 24.0 118.0 
1139.0 97.0 15.0 83.0 
971.0 111.0 26.0 91.0 
1187.0 99.0 20.0 75.0 
753.0 122.0 26.0 108.0 
1537.0 91.0 25.0 48.0 
1426.0 97.0 25.0 58.0 
1159.0 105.0 25.0 76.0 
1301.0 92.0 15.0 71.0 
1509.0 90.0 24.0 50.0 
1375.0 96.0 25.0 60.0 
540.0 134.0 28.0 126.0 
755.0 118.0 26.0 106.0 
890.0 108.0 20.0 97.0 
546.0 127.0 20.0 133.0 
491.0 127.0 22.0 137.0 
439.0 130.0 23.0 142.0 
1619.0 79.0 14.0 49.0 
649.0 127.0 27.0 115.0 
620.0 130.0 28.0 119.0 
437.0 139.0 31.0 134.0 
1328.0 91.0 15.0 69.0 
1112.0 100.0 15.0 85.0 
498.0 129.0 21.0 135.0 
623.0 120.0 20.0 125.0 
352.0 144.0 35.0 144.0 
650.0 117.0 19.0 122.0 
508.0 131.0 29.0 127.0 
889.0 113.0 25.0 96.0 
1078.0 108.0 25.0 82.0 
1564.0 90.0 25.0 46.0 
1213.0 102.0 25.0 72.0 
1318.0 98.0 24.0 66.0 
1072.0 101.0 22.0 88.0 
743.0 113.0 19.0 118.0 
1453.0 92.0 24.0 56.0 
871.0 109.0 17.0 103.0 
251.0 145.0 33.0 156.0 
883.0 108.0 22.0 100.0 
1369.0 91.0 22.0 66.0 
831.0 108.0 17.0 109.0 
1448.0 91.0 20.0 57.0 
1589.0 83.0 19.0 47.0 
913.0 111.0 24.0 94.0 
865.0 108.0 16.0 105.0 
1598.0 80.0 15.0 49.0 
633.0 122.0 19.0 121.0 
912.0 107.0 18.0 106.0 
838.0 109.0 16.0 107.0 
668.0 123.0 28.0 114.0 
1045.0 103.0 22.0 90.0 
327.0 140.0 31.0 150.0 
950.0 103.0 15.0 95.0 
1183.0 104.0 24.0 76.0 
671.0 116.0 18.0 122.0 
428.0 133.0 26.0 139.0 
1085.0 100.0 15.0 87.0 
1517.0 83.0 15.0 55.0 
721.0 117.0 27.0 110.0 
1160.0 98.0 20.0 77.0 
1624.0 84.0 20.0 46.0 
816.0 116.0 22.0 106.0 
647.0 128.0 27.0 117.0 
461.0 138.0 30.0 134.0 
570.0 123.0 20.0 129.0 
1024.0 109.0 25.0 88.0 
751.0 111.0 18.0 115.0 
566.0 132.0 27.0 123.0 
1021.0 110.0 24.0 88.0 
1220.0 94.0 15.0 77.0 
998.0 105.0 20.0 91.0 
855.0 113.0 27.0 99.0 
305.0 148.0 35.0 148.0 
916.0 104.0 17.0 100.0 
1562.0 85.0 19.0 49.0 
518.0 125.0 21.0 134.0 
898.0 108.0 17.0 103.0 
625.0 125.0 24.0 121.0 
940.0 111.0 24.0 92.0 
919.0 107.0 16.0 103.0 
640.0 122.0 23.0 120.0 
464.0 128.0 22.0 139.0 
1132.0 96.0 17.0 86.0 
1617.0 80.0 14.0 51.0 
404.0 134.0 27.0 141.0 
1127.0 107.0 24.0 82.0 
677.0 121.0 22.0 114.0 
1237.0 101.0 25.0 72.0 
417.0 137.0 25.0 147.0 
817.0 110.0 17.0 107.0 
756.0 112.0 18.0 113.0 
722.0 114.0 20.0 118.0 
379.0 136.0 28.0 144.0 
1588.0 88.0 24.0 46.0 
337.0 145.0 30.0 148.0 
676.0 126.0 27.0 113.0 
1429.0 94.0 25.0 58.0 
804.0 109.0 17.0 111.0 
1544.0 83.0 15.0 53.0 
1193.0 95.0 15.0 79.0 
790.0 111.0 17.0 109.0 
525.0 128.0 21.0 133.0 
1048.0 108.0 25.0 86.0 
1295.0 91.0 14.0 73.0 
705.0 117.0 17.0 118.0 
383.0 139.0 26.0 152.0 
1025.0 105.0 20.0 87.0 
1541.0 84.0 14.0 55.0 
408.0 135.0 25.0 148.0 
1241.0 93.0 14.0 77.0 
1349.0 89.0 14.0 69.0 
485.0 129.0 21.0 139.0 
482.0 129.0 25.0 134.0 
387.0 135.0 26.0 148.0 
783.0 109.0 18.0 111.0 
1382.0 89.0 15.0 65.0 
1404.0 94.0 21.0 60.0 
1346.0 94.0 20.0 65.0 
1187.0 95.0 14.0 81.0 
1490.0 84.0 15.0 57.0 
421.0 135.0 25.0 144.0 
976.0 107.0 20.0 92.0 
458.0 130.0 26.0 136.0 
1484.0 92.0 25.0 53.0 
336.0 143.0 31.0 149.0 
1295.0 95.0 20.0 67.0 
1561.0 89.0 24.0 48.0 
1535.0 85.0 19.0 51.0 
413.0 137.0 27.0 138.0 
602.0 127.0 23.0 123.0 
552.0 126.0 20.0 130.0 
603.0 122.0 18.0 124.0 
1463.0 85.0 15.0 59.0 
1372.0 97.0 25.0 62.0 
835.0 115.0 21.0 105.0 
386.0 137.0 26.0 151.0 
1481.0 87.0 19.0 55.0 
543.0 128.0 23.0 124.0 
379.0 137.0 29.0 142.0 
650.0 121.0 22.0 116.0 
684.0 118.0 18.0 118.0 
709.0 116.0 17.0 115.0 
669.0 117.0 23.0 117.0 
997.0 110.0 25.0 88.0 
1373.0 92.0 20.0 63.0 
916.0 108.0 19.0 93.0 
542.0 132.0 28.0 125.0 
492.0 132.0 25.0 130.0 
1244.0 97.0 20.0 71.0 
1348.0 96.0 19.0 68.0 
405.0 134.0 27.0 140.0 
462.0 134.0 25.0 135.0 
1568.0 83.0 14.0 53.0 
724.0 115.0 19.0 119.0 
648.0 126.0 27.0 116.0 
756.0 116.0 21.0 107.0 
1266.0 98.0 24.0 68.0 
256.0 149.0 36.0 150.0 
1126.0 101.0 22.0 84.0 
563.0 126.0 25.0 127.0 
1247.0 94.0 15.0 75.0 
1355.0 89.0 15.0 67.0 
229.0 188.0 48.0 174.0 
241.0 175.0 50.0 167.0 
233.0 170.0 45.0 171.0 
237.0 166.0 35.0 174.0 
244.0 171.0 42.0 168.0 
240.0 164.0 35.0 176.0 
238.0 163.0 37.0 172.0 
237.0 165.0 37.0 175.0 
240.0 167.0 41.0 170.0 
248.0 162.0 34.0 171.0 
245.0 156.0 43.0 167.0 
228.0 178.0 44.0 190.0 
229.0 174.0 39.0 191.0 
1642.0 75.0 25.0 70.0 
1644.0 78.0 22.0 72.0 
1593.0 78.0 27.0 73.0 
1642.0 76.0 24.0 72.0 
1126.0 95.0 27.0 109.0 
1590.0 79.0 28.0 73.0 
1626.0 78.0 26.0 72.0 
1051.0 96.0 24.0 106.0 
1017.0 99.0 24.0 116.0 
281.0 141.0 37.0 174.0 
989.0 101.0 22.0 116.0 
1289.0 87.0 26.0 92.0 
1255.0 91.0 23.0 97.0 
1526.0 82.0 22.0 80.0 
737.0 113.0 28.0 139.0 
1231.0 91.0 24.0 98.0 
1481.0 81.0 26.0 81.0 
1273.0 90.0 27.0 97.0 
1373.0 86.0 26.0 89.0 
1402.0 85.0 25.0 83.0 
1419.0 84.0 25.0 89.0 
500.0 125.0 33.0 157.0 
311.0 137.0 37.0 176.0 
1396.0 85.0 24.0 85.0 
281.0 138.0 38.0 171.0 
865.0 105.0 27.0 126.0 
710.0 114.0 28.0 141.0 
1049.0 100.0 24.0 114.0 
1564.0 79.0 26.0 76.0 
313.0 139.0 37.0 172.0 
1153.0 95.0 24.0 103.0 
300.0 154.0 30.0 167.0 
1751.0 72.0 24.0 71.0 
1494.0 81.0 24.0 91.0 
1324.0 88.0 24.0 103.0 
1488.0 82.0 24.0 91.0 
226.0 211.0 52.0 207.0 
227.0 213.0 53.0 206.0 
