335.0 266.0 75.0 288.0 
415.0 237.0 62.0 248.0 
356.0 243.0 65.0 277.0 
346.0 248.0 67.0 277.0 
342.0 268.0 87.0 287.0 
354.0 239.0 61.0 285.0 
346.0 248.0 63.0 293.0 
343.0 243.0 64.0 282.0 
336.0 253.0 68.0 293.0 
326.0 256.0 69.0 289.0 
949.0 208.0 54.0 228.0 
420.0 229.0 58.0 253.0 
417.0 228.0 60.0 251.0 
810.0 213.0 63.0 209.0 
880.0 232.0 63.0 206.0 
735.0 211.0 56.0 226.0 
512.0 234.0 59.0 215.0 
490.0 212.0 58.0 219.0 
477.0 237.0 58.0 223.0 
478.0 238.0 59.0 221.0 
476.0 213.0 61.0 228.0 
448.0 221.0 64.0 224.0 
483.0 213.0 53.0 241.0 
453.0 217.0 59.0 236.0 
469.0 220.0 64.0 233.0 
430.0 221.0 61.0 229.0 
428.0 229.0 67.0 235.0 
417.0 221.0 61.0 238.0 
399.0 226.0 68.0 233.0 
387.0 239.0 77.0 239.0 
396.0 242.0 64.0 246.0 
394.0 226.0 60.0 255.0 
381.0 225.0 66.0 243.0 
363.0 228.0 61.0 261.0 
1086.0 210.0 66.0 203.0 
644.0 213.0 53.0 214.0 
635.0 209.0 63.0 243.0 
484.0 219.0 55.0 226.0 
444.0 223.0 57.0 230.0 
504.0 208.0 69.0 245.0 
483.0 209.0 63.0 247.0 
433.0 224.0 58.0 235.0 
486.0 209.0 65.0 244.0 
399.0 230.0 64.0 232.0 
355.0 230.0 66.0 255.0 
320.0 267.0 85.0 307.0 
323.0 255.0 72.0 305.0 
