216.0 177.0 
234.0 158.0 
223.0 168.0 
233.0 159.0 
228.0 163.0 
251.0 145.0 
265.0 133.0 
258.0 135.0 
242.0 151.0 
281.0 126.0 
235.0 153.0 
288.0 124.0 
1306.0 63.0 
1358.0 61.0 
691.0 88.0 
1196.0 67.0 
1603.0 52.0 
982.0 74.0 
308.0 123.0 
1034.0 72.0 
613.0 94.0 
454.0 104.0 
319.0 120.0 
347.0 110.0 
1520.0 55.0 
428.0 107.0 
429.0 106.0 
1441.0 58.0 
1387.0 60.0 
342.0 112.0 
768.0 83.0 
480.0 102.0 
505.0 100.0 
1574.0 53.0 
666.0 91.0 
716.0 86.0 
1279.0 64.0 
955.0 75.0 
1088.0 71.0 
1630.0 51.0 
401.0 108.0 
1655.0 50.0 
1117.0 70.0 
1171.0 68.0 
795.0 82.0 
637.0 92.0 
743.0 85.0 
1144.0 69.0 
822.0 80.0 
1468.0 57.0 
1493.0 56.0 
583.0 96.0 
900.0 77.0 
341.0 113.0 
1007.0 73.0 
557.0 98.0 
1223.0 65.0 
324.0 117.0 
