622.0 119.0 29.0 151.0 
1515.0 83.0 20.0 80.0 
398.0 136.0 32.0 171.0 
1141.0 96.0 20.0 109.0 
1151.0 95.0 23.0 105.0 
615.0 122.0 27.0 150.0 
1564.0 80.0 20.0 77.0 
1050.0 98.0 25.0 117.0 
1392.0 87.0 20.0 94.0 
1012.0 97.0 23.0 121.0 
1652.0 79.0 20.0 71.0 
640.0 120.0 27.0 145.0 
1127.0 97.0 24.0 108.0 
1543.0 83.0 20.0 79.0 
970.0 101.0 26.0 124.0 
663.0 119.0 27.0 145.0 
1627.0 74.0 22.0 76.0 
600.0 123.0 30.0 154.0 
1043.0 101.0 23.0 114.0 
1501.0 81.0 23.0 80.0 
1245.0 91.0 22.0 107.0 
1548.0 80.0 22.0 82.0 
1119.0 98.0 21.0 112.0 
770.0 112.0 24.0 136.0 
1029.0 96.0 23.0 121.0 
1559.0 78.0 22.0 84.0 
681.0 117.0 25.0 146.0 
1168.0 91.0 22.0 110.0 
669.0 118.0 26.0 143.0 
721.0 113.0 24.0 143.0 
884.0 107.0 24.0 125.0 
1210.0 95.0 23.0 102.0 
990.0 99.0 20.0 115.0 
1295.0 88.0 20.0 96.0 
1366.0 87.0 23.0 89.0 
1476.0 87.0 23.0 82.0 
1432.0 85.0 21.0 88.0 
1678.0 79.0 20.0 68.0 
1408.0 88.0 20.0 89.0 
1096.0 99.0 23.0 109.0 
1350.0 89.0 20.0 93.0 
1323.0 90.0 20.0 95.0 
695.0 116.0 25.0 140.0 
1685.0 72.0 23.0 72.0 
653.0 119.0 29.0 150.0 
845.0 108.0 21.0 129.0 
1161.0 98.0 20.0 107.0 
1609.0 78.0 23.0 71.0 
930.0 104.0 24.0 128.0 
1488.0 86.0 20.0 83.0 
1218.0 95.0 20.0 103.0 
1252.0 89.0 20.0 100.0 
1702.0 75.0 20.0 67.0 
674.0 115.0 27.0 145.0 
1528.0 81.0 23.0 77.0 
1555.0 82.0 23.0 76.0 
1540.0 79.0 25.0 81.0 
1084.0 101.0 21.0 113.0 
1060.0 94.0 22.0 116.0 
978.0 104.0 21.0 119.0 
1114.0 93.0 22.0 114.0 
1134.0 97.0 20.0 112.0 
1419.0 89.0 23.0 88.0 
1242.0 92.0 20.0 101.0 
1466.0 82.0 23.0 89.0 
487.0 131.0 32.0 163.0 
703.0 113.0 27.0 143.0 
911.0 106.0 23.0 123.0 
1619.0 78.0 20.0 73.0 
914.0 105.0 24.0 129.0 
1258.0 91.0 23.0 97.0 
1374.0 86.0 25.0 93.0 
1586.0 77.0 22.0 82.0 
1647.0 76.0 25.0 74.0 
738.0 110.0 24.0 142.0 
1357.0 86.0 22.0 99.0 
1177.0 96.0 23.0 103.0 
781.0 109.0 24.0 140.0 
746.0 114.0 25.0 138.0 
1396.0 85.0 25.0 91.0 
811.0 108.0 21.0 132.0 
1219.0 91.0 22.0 109.0 
946.0 105.0 23.0 120.0 
1442.0 83.0 23.0 92.0 
1339.0 88.0 23.0 91.0 
1459.0 84.0 21.0 86.0 
1522.0 80.0 22.0 85.0 
1336.0 92.0 26.0 94.0 
295.0 151.0 30.0 159.0 
1508.0 81.0 28.0 76.0 
1488.0 84.0 28.0 81.0 
929.0 105.0 24.0 119.0 
942.0 103.0 26.0 123.0 
530.0 127.0 34.0 155.0 
779.0 113.0 28.0 129.0 
908.0 106.0 27.0 125.0 
1300.0 93.0 34.0 90.0 
971.0 102.0 28.0 115.0 
647.0 119.0 31.0 145.0 
1426.0 86.0 29.0 83.0 
1399.0 89.0 29.0 86.0 
1224.0 95.0 29.0 100.0 
726.0 116.0 30.0 136.0 
1314.0 93.0 27.0 94.0 
1195.0 97.0 26.0 99.0 
304.0 148.0 29.0 160.0 
566.0 125.0 28.0 166.0 
862.0 107.0 23.0 139.0 
636.0 119.0 26.0 163.0 
244.0 162.0 31.0 190.0 
729.0 115.0 30.0 142.0 
269.0 165.0 29.0 193.0 
275.0 154.0 29.0 169.0 
392.0 146.0 23.0 157.0 
358.0 142.0 24.0 161.0 
834.0 109.0 15.0 112.0 
1319.0 97.0 14.0 77.0 
1050.0 105.0 14.0 97.0 
1622.0 81.0 13.0 51.0 
1056.0 103.0 13.0 96.0 
394.0 141.0 23.0 155.0 
1233.0 101.0 14.0 81.0 
1137.0 100.0 13.0 90.0 
1351.0 92.0 13.0 74.0 
523.0 130.0 19.0 140.0 
1212.0 100.0 14.0 85.0 
974.0 105.0 13.0 100.0 
1509.0 90.0 14.0 63.0 
657.0 123.0 16.0 125.0 
1191.0 98.0 13.0 86.0 
1378.0 91.0 13.0 72.0 
308.0 150.0 30.0 156.0 
1433.0 88.0 13.0 65.0 
894.0 108.0 13.0 106.0 
317.0 143.0 24.0 156.0 
471.0 136.0 20.0 146.0 
1568.0 83.0 13.0 55.0 
421.0 139.0 22.0 152.0 
1162.0 99.0 13.0 88.0 
568.0 125.0 19.0 139.0 
307.0 145.0 26.0 164.0 
409.0 139.0 24.0 155.0 
444.0 137.0 22.0 148.0 
649.0 124.0 17.0 128.0 
356.0 148.0 26.0 155.0 
883.0 108.0 14.0 110.0 
596.0 127.0 17.0 133.0 
1081.0 102.0 13.0 94.0 
1298.0 95.0 13.0 78.0 
760.0 116.0 15.0 118.0 
280.0 156.0 34.0 157.0 
562.0 127.0 18.0 139.0 
920.0 107.0 13.0 104.0 
1270.0 95.0 13.0 80.0 
1205.0 103.0 14.0 83.0 
645.0 122.0 17.0 131.0 
627.0 123.0 16.0 129.0 
1487.0 87.0 13.0 64.0 
1367.0 97.0 14.0 71.0 
1109.0 101.0 13.0 92.0 
311.0 144.0 25.0 158.0 
264.0 154.0 31.0 159.0 
513.0 129.0 20.0 143.0 
1542.0 85.0 13.0 60.0 
1406.0 90.0 13.0 70.0 
865.0 111.0 14.0 109.0 
463.0 132.0 20.0 148.0 
1028.0 104.0 13.0 98.0 
1515.0 86.0 13.0 62.0 
574.0 128.0 17.0 133.0 
947.0 107.0 13.0 102.0 
1217.0 98.0 13.0 84.0 
601.0 124.0 16.0 131.0 
1325.0 93.0 13.0 76.0 
591.0 125.0 18.0 137.0 
1245.0 96.0 13.0 82.0 
857.0 109.0 14.0 112.0 
497.0 132.0 19.0 142.0 
434.0 136.0 22.0 153.0 
281.0 152.0 29.0 158.0 
427.0 132.0 35.0 175.0 
874.0 104.0 26.0 129.0 
895.0 104.0 26.0 126.0 
310.0 146.0 28.0 159.0 
545.0 125.0 34.0 155.0 
981.0 98.0 25.0 120.0 
356.0 135.0 36.0 174.0 
1440.0 82.0 25.0 88.0 
324.0 138.0 39.0 174.0 
1305.0 86.0 25.0 98.0 
315.0 142.0 41.0 178.0 
590.0 122.0 31.0 155.0 
955.0 101.0 26.0 126.0 
281.0 151.0 31.0 159.0 
563.0 125.0 31.0 157.0 
1472.0 81.0 25.0 89.0 
454.0 131.0 35.0 173.0 
530.0 127.0 32.0 164.0 
305.0 146.0 42.0 176.0 
268.0 152.0 31.0 162.0 
628.0 126.0 19.0 127.0 
257.0 161.0 31.0 196.0 
590.0 131.0 20.0 128.0 
564.0 133.0 21.0 132.0 
716.0 113.0 33.0 135.0 
1594.0 82.0 33.0 74.0 
755.0 109.0 28.0 137.0 
1342.0 85.0 27.0 91.0 
1227.0 94.0 32.0 98.0 
1274.0 87.0 27.0 95.0 
946.0 104.0 31.0 118.0 
991.0 98.0 25.0 118.0 
623.0 118.0 30.0 150.0 
616.0 119.0 31.0 147.0 
1668.0 78.0 31.0 69.0 
1058.0 97.0 27.0 111.0 
843.0 107.0 28.0 129.0 
601.0 121.0 31.0 151.0 
833.0 106.0 27.0 133.0 
1454.0 83.0 27.0 87.0 
640.0 115.0 31.0 148.0 
1444.0 84.0 27.0 85.0 
611.0 121.0 29.0 155.0 
733.0 109.0 29.0 136.0 
1138.0 97.0 32.0 104.0 
1328.0 90.0 33.0 92.0 
914.0 102.0 27.0 123.0 
860.0 105.0 27.0 127.0 
1406.0 85.0 28.0 89.0 
588.0 118.0 33.0 151.0 
481.0 130.0 39.0 159.0 
685.0 115.0 31.0 142.0 
1596.0 77.0 28.0 73.0 
1364.0 89.0 33.0 89.0 
1631.0 75.0 28.0 71.0 
984.0 102.0 32.0 114.0 
1493.0 80.0 28.0 81.0 
397.0 134.0 37.0 170.0 
903.0 102.0 28.0 124.0 
1426.0 84.0 26.0 90.0 
1566.0 79.0 26.0 80.0 
1486.0 85.0 33.0 82.0 
1175.0 94.0 27.0 106.0 
1620.0 77.0 26.0 76.0 
1605.0 80.0 32.0 70.0 
797.0 112.0 33.0 131.0 
462.0 130.0 35.0 166.0 
791.0 107.0 29.0 132.0 
1471.0 82.0 27.0 83.0 
1203.0 91.0 28.0 103.0 
1033.0 98.0 28.0 114.0 
1372.0 86.0 26.0 96.0 
1412.0 88.0 32.0 86.0 
1085.0 100.0 33.0 110.0 
1110.0 97.0 28.0 109.0 
1642.0 75.0 26.0 74.0 
1588.0 78.0 26.0 78.0 
548.0 124.0 34.0 159.0 
743.0 113.0 33.0 133.0 
893.0 103.0 28.0 125.0 
931.0 101.0 27.0 121.0 
1389.0 88.0 32.0 88.0 
1674.0 75.0 26.0 72.0 
576.0 120.0 32.0 151.0 
420.0 133.0 37.0 171.0 
1553.0 78.0 27.0 75.0 
780.0 110.0 27.0 137.0 
474.0 127.0 34.0 160.0 
1211.0 94.0 26.0 109.0 
449.0 129.0 37.0 165.0 
1102.0 97.0 26.0 112.0 
1194.0 93.0 28.0 105.0 
939.0 100.0 27.0 119.0 
812.0 107.0 27.0 135.0 
771.0 108.0 28.0 134.0 
1534.0 79.0 26.0 82.0 
593.0 122.0 29.0 160.0 
434.0 130.0 34.0 181.0 
964.0 100.0 24.0 128.0 
933.0 97.0 24.0 129.0 
416.0 134.0 36.0 180.0 
1396.0 86.0 24.0 97.0 
1609.0 79.0 22.0 79.0 
375.0 139.0 33.0 182.0 
261.0 158.0 31.0 168.0 
440.0 134.0 36.0 167.0 
881.0 107.0 25.0 136.0 
1461.0 83.0 24.0 90.0 
972.0 103.0 24.0 124.0 
945.0 104.0 24.0 126.0 
946.0 107.0 19.0 94.0 
1080.0 105.0 19.0 86.0 
750.0 115.0 17.0 115.0 
1158.0 103.0 18.0 81.0 
342.0 144.0 27.0 154.0 
649.0 120.0 19.0 114.0 
889.0 110.0 20.0 97.0 
893.0 111.0 20.0 96.0 
675.0 120.0 19.0 112.0 
439.0 135.0 25.0 136.0 
329.0 142.0 29.0 152.0 
1106.0 107.0 24.0 83.0 
1116.0 102.0 16.0 87.0 
1451.0 93.0 18.0 60.0 
1592.0 90.0 18.0 50.0 
679.0 119.0 16.0 117.0 
1497.0 86.0 15.0 58.0 
811.0 113.0 19.0 102.0 
363.0 143.0 28.0 146.0 
1065.0 102.0 15.0 90.0 
846.0 112.0 16.0 107.0 
1238.0 98.0 19.0 74.0 
1191.0 98.0 15.0 82.0 
523.0 130.0 21.0 134.0 
724.0 123.0 24.0 109.0 
1268.0 102.0 18.0 74.0 
1357.0 95.0 20.0 65.0 
1349.0 99.0 18.0 68.0 
1022.0 108.0 18.0 90.0 
919.0 115.0 19.0 96.0 
860.0 109.0 17.0 107.0 
545.0 129.0 22.0 125.0 
868.0 116.0 24.0 99.0 
751.0 122.0 18.0 108.0 
871.0 108.0 15.0 102.0 
1536.0 89.0 20.0 54.0 
1458.0 90.0 19.0 58.0 
921.0 107.0 15.0 98.0 
1214.0 105.0 18.0 78.0 
587.0 127.0 26.0 122.0 
832.0 117.0 24.0 101.0 
1046.0 105.0 21.0 91.0 
465.0 140.0 30.0 135.0 
1353.0 91.0 15.0 68.0 
370.0 142.0 29.0 147.0 
1216.0 106.0 24.0 75.0 
567.0 135.0 21.0 128.0 
594.0 124.0 19.0 132.0 
1507.0 92.0 18.0 56.0 
1593.0 84.0 15.0 53.0 
732.0 122.0 14.0 124.0 
763.0 117.0 20.0 107.0 
350.0 140.0 28.0 148.0 
640.0 125.0 26.0 118.0 
339.0 146.0 29.0 151.0 
694.0 121.0 18.0 112.0 
587.0 125.0 22.0 124.0 
1075.0 109.0 18.0 88.0 
894.0 111.0 16.0 101.0 
415.0 135.0 24.0 148.0 
1489.0 88.0 15.0 61.0 
247.0 148.0 32.0 158.0 
844.0 117.0 14.0 112.0 
1463.0 89.0 19.0 56.0 
1434.0 88.0 15.0 62.0 
940.0 113.0 18.0 96.0 
805.0 120.0 18.0 106.0 
1416.0 90.0 15.0 64.0 
622.0 124.0 20.0 119.0 
967.0 113.0 24.0 93.0 
443.0 139.0 23.0 144.0 
414.0 144.0 32.0 141.0 
425.0 139.0 24.0 147.0 
383.0 145.0 32.0 143.0 
767.0 117.0 17.0 112.0 
497.0 137.0 23.0 130.0 
1254.0 96.0 15.0 76.0 
1074.0 104.0 21.0 89.0 
569.0 125.0 20.0 132.0 
1291.0 101.0 18.0 72.0 
366.0 141.0 26.0 155.0 
1438.0 91.0 20.0 59.0 
1237.0 102.0 24.0 73.0 
567.0 126.0 24.0 128.0 
1139.0 101.0 19.0 80.0 
1301.0 96.0 15.0 72.0 
1106.0 108.0 18.0 86.0 
1187.0 105.0 24.0 77.0 
1063.0 110.0 19.0 86.0 
1408.0 91.0 15.0 67.0 
1058.0 104.0 16.0 93.0 
374.0 142.0 32.0 144.0 
953.0 106.0 15.0 96.0 
476.0 135.0 23.0 140.0 
710.0 117.0 15.0 114.0 
285.0 147.0 31.0 152.0 
783.0 116.0 19.0 106.0 
1270.0 96.0 19.0 70.0 
315.0 143.0 28.0 158.0 
703.0 118.0 19.0 110.0 
1591.0 94.0 23.0 49.0 
1372.0 98.0 18.0 66.0 
759.0 120.0 14.0 118.0 
406.0 136.0 26.0 142.0 
540.0 127.0 19.0 136.0 
818.0 113.0 15.0 106.0 
1004.0 106.0 19.0 90.0 
915.0 112.0 18.0 97.0 
466.0 135.0 25.0 134.0 
1303.0 96.0 20.0 69.0 
973.0 107.0 19.0 92.0 
1219.0 101.0 20.0 78.0 
354.0 144.0 33.0 147.0 
1405.0 92.0 19.0 60.0 
573.0 128.0 18.0 129.0 
670.0 126.0 18.0 116.0 
1612.0 90.0 18.0 49.0 
979.0 104.0 15.0 94.0 
1318.0 100.0 18.0 70.0 
814.0 119.0 14.0 115.0 
434.0 136.0 27.0 141.0 
699.0 117.0 16.0 120.0 
996.0 108.0 19.0 91.0 
1200.0 97.0 15.0 80.0 
1163.0 101.0 20.0 79.0 
409.0 136.0 25.0 149.0 
1164.0 99.0 15.0 84.0 
345.0 145.0 30.0 150.0 
913.0 114.0 24.0 95.0 
279.0 156.0 36.0 157.0 
245.0 152.0 34.0 161.0 
603.0 127.0 19.0 128.0 
610.0 127.0 20.0 123.0 
1542.0 84.0 15.0 54.0 
1562.0 87.0 18.0 53.0 
859.0 117.0 18.0 102.0 
518.0 132.0 23.0 130.0 
466.0 132.0 22.0 142.0 
1348.0 103.0 23.0 67.0 
380.0 138.0 27.0 145.0 
572.0 127.0 22.0 123.0 
676.0 118.0 16.0 123.0 
1457.0 94.0 24.0 57.0 
539.0 135.0 21.0 129.0 
307.0 151.0 30.0 154.0 
1324.0 95.0 19.0 68.0 
1183.0 105.0 18.0 80.0 
1485.0 94.0 24.0 55.0 
773.0 115.0 15.0 110.0 
647.0 120.0 18.0 124.0 
1308.0 94.0 15.0 72.0 
492.0 132.0 23.0 132.0 
1377.0 98.0 24.0 63.0 
1409.0 98.0 18.0 63.0 
1532.0 89.0 19.0 55.0 
599.0 126.0 22.0 121.0 
854.0 112.0 15.0 106.0 
277.0 152.0 31.0 158.0 
263.0 147.0 32.0 158.0 
1056.0 106.0 20.0 87.0 
790.0 115.0 20.0 105.0 
869.0 111.0 19.0 98.0 
489.0 130.0 22.0 140.0 
632.0 123.0 18.0 123.0 
621.0 122.0 21.0 129.0 
841.0 116.0 24.0 101.0 
441.0 133.0 23.0 145.0 
495.0 136.0 28.0 131.0 
1403.0 97.0 18.0 64.0 
795.0 114.0 15.0 108.0 
1249.0 98.0 20.0 73.0 
458.0 132.0 24.0 136.0 
670.0 119.0 17.0 124.0 
706.0 123.0 15.0 124.0 
641.0 121.0 21.0 119.0 
1585.0 87.0 19.0 51.0 
887.0 113.0 18.0 100.0 
1112.0 103.0 19.0 82.0 
1029.0 106.0 16.0 93.0 
496.0 133.0 21.0 138.0 
570.0 133.0 27.0 124.0 
778.0 119.0 24.0 105.0 
1156.0 107.0 18.0 82.0 
1480.0 93.0 18.0 58.0 
1036.0 111.0 19.0 88.0 
388.0 141.0 27.0 144.0 
376.0 144.0 27.0 148.0 
702.0 124.0 24.0 111.0 
546.0 127.0 20.0 134.0 
735.0 119.0 19.0 108.0 
593.0 132.0 21.0 125.0 
394.0 144.0 25.0 151.0 
1141.0 100.0 15.0 86.0 
518.0 128.0 20.0 136.0 
491.0 137.0 24.0 135.0 
806.0 111.0 16.0 110.0 
1330.0 93.0 15.0 72.0 
727.0 116.0 17.0 117.0 
1134.0 100.0 17.0 89.0 
1515.0 85.0 15.0 56.0 
512.0 129.0 24.0 132.0 
750.0 115.0 20.0 110.0 
783.0 113.0 16.0 112.0 
1087.0 105.0 20.0 85.0 
819.0 116.0 14.0 114.0 
262.0 151.0 37.0 157.0 
384.0 140.0 26.0 153.0 
1570.0 88.0 20.0 52.0 
1353.0 97.0 19.0 67.0 
756.0 114.0 16.0 114.0 
1207.0 102.0 19.0 79.0 
420.0 139.0 27.0 140.0 
1597.0 87.0 20.0 50.0 
1402.0 102.0 23.0 63.0 
306.0 145.0 29.0 159.0 
