+35 44 5 19 17 41 40 15 27 1 16 0 30 32 4 21 26 38 31 18 24 8 7 13 33 3 42 37 6 39 43 11 12 36 28 10 14 20 25 34 29 23 2 9 22  
+35 5 19 17 1 41 27 40 16 0 30 32 4 7 18 21 11 43 26 39 42 24 36 8 10 31 13 33 3 20 15 6 37 38 28 25 34 29 44 12 14 9 23 2 22  
+35 5 19 17 41 16 40 0 32 1 4 26 25 24 3 34 29 44 21 30 31 33 37 15 27 18 43 38 8 7 13 42 6 39 11 12 36 28 10 20 14 9 23 2 22  
+35 5 19 17 41 40 16 0 1 32 4 26 33 24 3 25 34 29 44 30 27 18 36 28 21 43 39 37 38 42 15 31 8 7 13 6 11 12 10 14 20 9 2 23 22  
+35 5 17 41 0 40 44 19 16 27 30 32 1 4 26 39 11 37 24 36 31 13 15 28 18 43 21 38 8 7 42 6 10 20 33 3 25 34 29 14 12 9 2 22 23  
+35 5 19 17 41 40 16 1 4 32 0 26 27 25 33 24 3 34 29 44 30 31 43 15 21 37 18 38 8 7 13 42 6 39 11 12 36 28 10 20 14 9 23 2 22  
+35 5 19 17 41 16 40 0 32 1 30 4 26 33 25 24 31 3 34 29 44 15 27 18 43 21 38 8 7 42 6 13 11 37 39 28 10 14 20 12 36 9 2 23 22  
+35 5 19 17 27 0 1 4 16 41 40 32 44 18 21 8 26 24 15 43 30 38 31 7 13 33 3 42 37 6 39 11 10 14 20 12 36 28 25 34 9 29 2 23 22  
+35 5 19 17 41 40 1 16 0 32 4 44 43 15 27 18 30 31 21 26 38 24 8 7 13 33 3 42 37 6 39 11 12 36 28 10 14 20 25 34 9 29 2 23 22  
+35 5 19 17 41 16 40 0 1 32 44 30 4 27 18 36 28 21 43 26 39 37 38 42 24 8 31 7 13 11 15 6 10 14 20 33 3 25 34 29 12 9 2 23 22  
+35 5 17 41 0 40 4 44 16 15 19 30 32 1 27 21 7 18 8 43 26 33 24 42 38 31 13 3 37 6 39 11 10 14 20 12 36 28 25 34 9 29 23 2 22  
+35 5 19 17 0 41 27 1 4 3 16 40 32 44 30 31 21 26 15 8 18 7 13 33 38 24 42 37 6 39 43 11 10 14 20 12 36 28 25 34 9 29 2 23 22  
+35 5 19 17 41 1 27 40 16 0 32 4 26 43 33 3 36 44 21 15 30 24 8 42 6 39 13 11 7 18 12 37 31 38 28 10 14 20 25 34 29 9 2 23 22  
+35 5 19 17 41 40 16 0 27 32 1 4 26 33 3 36 44 15 30 7 18 21 11 43 39 42 24 8 10 31 13 20 37 38 25 28 6 34 29 12 14 23 2 9 22  
+35 5 19 17 41 0 1 27 16 40 32 4 30 26 31 24 33 3 25 34 29 44 43 15 21 8 13 6 7 37 18 38 42 39 11 12 36 28 10 20 14 9 23 2 22  
+35 5 19 17 41 16 0 40 27 30 32 1 4 43 26 31 24 33 3 25 34 29 44 18 36 28 39 37 38 11 8 13 15 21 6 10 20 7 42 12 14 9 2 23 22  
+35 5 19 17 41 1 27 40 16 0 32 4 26 43 25 15 30 6 33 24 37 31 3 34 29 44 18 13 7 42 11 39 21 36 28 8 10 12 38 20 14 9 23 2 22  
+35 5 19 17 1 41 16 40 4 32 0 26 27 43 25 15 30 6 33 24 37 38 31 3 34 29 44 36 14 21 8 39 13 42 10 28 18 12 7 11 20 9 2 23 22  
+35 5 19 17 41 40 16 1 4 32 0 26 27 25 15 30 6 33 24 37 38 31 3 39 43 34 29 44 18 36 21 28 11 12 10 14 7 13 42 8 20 23 2 9 22  
+35 5 19 17 0 1 41 16 40 30 6 24 4 27 18 36 28 15 21 11 43 26 39 8 31 32 33 38 3 25 34 29 44 13 12 37 7 42 10 20 14 9 2 23 22  
+35 5 19 17 41 40 0 16 1 32 4 26 18 27 30 31 8 38 24 37 39 43 15 33 13 3 11 6 28 20 25 34 29 44 42 36 10 21 7 14 12 9 23 2 22  
+35 5 19 17 41 40 16 1 4 32 0 26 27 25 15 30 31 6 33 36 28 39 37 24 43 38 3 34 29 44 18 21 11 12 10 14 7 13 8 42 20 9 2 23 22  
+35 5 19 17 41 16 40 0 1 32 4 26 24 30 27 43 37 38 31 15 6 39 36 28 8 18 10 13 11 33 3 20 25 34 29 44 21 7 42 14 12 9 2 23 22  
+35 5 19 17 41 16 40 0 1 27 32 26 4 15 18 37 30 24 39 11 36 43 7 38 8 10 31 13 33 3 20 25 6 34 28 29 44 21 42 9 14 12 2 22 23  
+35 5 19 17 41 40 27 1 16 0 32 4 26 25 30 6 33 15 43 18 39 37 38 24 31 3 34 28 29 44 11 36 21 7 13 42 8 9 14 10 20 12 2 22 23  
+35 5 19 17 1 0 27 4 16 41 40 32 8 30 31 11 13 39 37 21 36 43 15 28 18 6 26 33 10 7 20 3 25 24 38 34 29 44 42 14 12 9 2 23 22  
+35 5 19 17 0 41 1 4 30 43 16 40 32 39 15 27 21 11 37 36 28 26 6 33 24 38 31 3 34 25 29 44 8 10 14 18 12 7 42 13 20 9 2 23 22  
+35 5 19 17 41 40 15 0 16 27 30 32 1 4 18 43 26 6 39 37 38 42 24 31 33 3 25 34 13 28 29 44 11 12 36 10 21 14 8 20 9 7 2 23 22  
+35 5 30 44 19 17 1 0 41 4 26 32 40 16 27 11 13 36 10 24 33 15 37 38 8 6 18 20 31 7 39 43 3 34 25 29 12 42 21 14 28 2 9 22 23  
