+17 41 4 40 44 19 32 39 6 24 27 11 21 8 42 35 13 10 15 30 43 36 31 16 12 28 33 7 37 0 14 9 18 38 3 5 20 1 25 34 26 29 23 2 22  
+19 17 41 4 40 32 44 30 15 43 27 7 33 12 28 38 21 24 37 42 35 8 39 31 3 36 9 18 0 10 13 6 14 16 11 5 20 1 25 34 26 29 2 23 22  
+19 17 41 40 32 4 27 44 30 6 28 15 43 7 33 12 38 21 24 37 42 35 8 39 31 3 36 9 18 0 10 13 14 16 11 5 20 1 25 34 26 29 2 23 22  
+19 17 27 32 41 4 40 3 44 30 0 9 10 33 42 39 15 24 11 21 7 28 43 31 16 35 13 6 37 18 8 36 14 12 38 5 20 1 25 34 26 29 23 2 22  
+19 17 41 32 4 40 27 33 3 44 30 15 21 24 9 39 42 11 7 28 43 31 13 10 35 16 6 37 18 8 36 14 12 0 38 5 20 1 25 34 26 29 2 23 22  
+19 17 41 32 4 40 27 43 33 3 44 30 7 31 16 36 15 21 12 28 24 10 6 9 39 0 35 14 42 37 38 11 8 13 18 5 20 1 25 34 26 29 2 23 22  
+19 17 41 32 4 40 27 30 33 31 3 37 44 15 36 7 12 21 28 24 38 9 8 16 35 0 43 10 6 39 13 42 18 11 14 5 20 1 25 34 29 26 2 23 22  
+19 17 41 4 27 32 40 30 33 31 43 3 44 38 28 24 36 7 42 15 16 6 12 35 8 39 37 10 21 18 0 14 11 13 9 5 20 1 25 34 26 29 2 23 22  
+19 17 41 40 32 4 30 33 27 31 43 15 3 44 7 28 12 24 36 16 39 35 42 37 38 6 8 21 18 10 0 14 11 13 9 5 20 1 25 34 26 29 2 23 22  
+19 17 41 40 32 4 30 27 43 33 31 15 28 3 36 6 44 10 7 42 12 16 8 24 39 0 14 21 11 35 13 18 37 38 9 5 20 1 25 34 26 29 2 23 22  
+19 17 41 32 4 40 43 27 33 30 31 3 28 39 24 44 38 36 15 9 10 7 42 12 35 13 18 11 0 16 37 8 21 6 14 5 20 1 25 34 26 29 2 23 22  
+19 17 41 40 4 27 30 31 0 28 16 32 43 24 33 3 39 15 44 7 12 42 10 36 13 38 6 11 8 35 9 37 14 21 18 5 20 1 25 34 26 29 2 23 22  
+19 17 4 32 30 41 40 16 38 43 24 33 27 28 31 3 39 15 44 10 36 6 7 13 12 8 14 21 35 37 9 0 11 42 18 5 20 1 25 34 26 29 2 23 22  
+19 17 41 40 32 4 30 27 43 31 24 21 33 3 0 28 16 38 39 15 44 10 36 8 42 11 37 9 13 7 12 6 14 35 18 5 20 1 34 25 26 29 2 23 22  
+19 17 41 40 30 32 4 43 27 16 8 24 28 21 31 38 33 3 39 15 44 9 42 37 0 10 13 6 36 11 18 7 14 35 12 5 20 1 25 34 26 29 2 23 22  
+19 17 41 32 40 27 30 4 33 31 21 24 43 42 39 38 15 35 8 16 28 3 44 36 10 12 0 7 11 18 6 9 14 37 13 5 20 1 25 34 26 29 2 23 22  
+19 17 41 4 30 27 31 32 43 33 24 40 3 42 37 39 21 36 28 38 1 25 34 0 6 29 44 7 13 35 16 15 10 9 14 8 18 11 12 26 2 5 20 23 22  
+19 17 32 4 30 27 43 31 41 33 24 40 3 42 28 39 21 38 15 37 16 36 1 25 34 6 29 0 44 26 12 7 18 13 35 8 2 11 10 14 9 5 20 23 22  
+19 17 41 27 30 4 31 32 43 33 24 40 3 42 21 36 39 28 38 0 6 15 7 37 1 25 34 29 44 13 12 8 35 9 16 2 26 14 10 11 18 5 20 23 22  
+19 17 27 41 40 32 33 30 16 4 31 0 28 38 43 24 21 3 39 15 18 42 37 35 11 36 1 25 34 6 29 44 26 12 2 13 7 8 9 10 14 5 20 23 22  
+19 17 41 4 27 40 30 32 8 31 33 28 16 0 38 43 24 21 3 39 15 18 42 37 35 11 36 1 25 34 6 29 44 26 12 2 13 7 9 10 14 5 20 23 22  
+19 17 32 4 41 40 0 27 42 33 28 36 24 38 8 7 37 30 31 43 21 6 16 39 3 35 13 1 25 34 18 15 26 29 44 12 2 11 10 14 9 5 20 23 22  
+19 17 41 4 30 27 31 32 40 8 33 16 0 28 38 43 24 21 3 39 18 42 37 35 11 36 13 7 6 10 15 20 1 25 26 34 29 44 12 14 9 5 2 23 22  
+19 17 41 4 30 40 27 43 32 24 33 31 38 3 0 6 42 36 7 10 28 16 8 39 13 21 37 15 11 18 9 12 5 20 1 25 34 29 44 35 26 14 2 23 22  
+17 41 44 19 7 40 30 32 27 31 11 21 37 43 4 8 18 28 42 6 10 39 12 36 33 0 13 16 38 15 35 24 3 14 9 5 20 1 26 25 34 29 2 23 22  
+19 17 41 40 32 44 27 11 21 7 37 30 4 8 18 43 33 28 42 6 10 12 39 36 0 13 16 38 15 35 24 31 3 14 9 5 20 1 26 25 34 29 2 23 22  
+19 17 4 32 27 28 30 33 31 37 3 42 35 36 41 6 43 24 21 16 0 38 1 25 34 29 44 8 26 40 39 10 15 18 14 11 12 7 13 9 5 20 2 23 22  
+19 17 41 32 30 4 33 27 31 40 35 36 3 43 16 37 42 28 39 10 24 13 18 11 21 38 20 1 0 25 15 26 34 29 44 8 7 23 12 14 9 5 2 6 22  
+19 17 41 4 30 27 32 33 40 31 3 43 38 24 16 28 42 39 8 21 36 35 37 18 11 6 10 13 20 1 0 25 15 26 34 29 44 7 12 14 9 5 2 23 22  
+17 41 40 44 19 30 4 24 18 31 32 27 37 10 9 11 0 28 16 6 42 35 13 33 39 7 14 3 38 15 43 36 12 21 8 5 20 1 26 34 25 29 2 23 22  
+44 19 17 32 41 4 40 33 38 27 37 6 24 12 16 43 39 36 11 30 35 15 31 3 28 0 8 10 13 7 14 42 9 18 5 21 20 1 25 34 26 29 23 2 22  
