-------------- OA_AJHotDraw  ---------------
100	
101
49	53	58	205	12	28	33	59	79	86	108	145	214	303	129	130	259	160	217	218	219	220	221	222	138	66	74	238	256	286	291
21	38	40	42	51	54	57	60	62	30	31	76	77	88	89	90	91	92	80	81	82	83	98	167	168	134	142	159	4	18	20	46	69	70	71	93	94	95	96	113	109	123	124	140	148	149	150	151	152	153	234	245	246	247	251	271	272	289	297	299	171	172	176	177	186	185	190	193	233	235	236	237	239	265	268	269	270	276	252	253	284	285	296	298	314	16	97	191	254	315	316	317	318	319
7	17	19	22	23	39	63	110	111	112	118	137	144	146	147	162	163	178	179	180	198	200	204	229	230	231	232	241	242	250	255	264	287	290	309
64	68	75	102	103	104	105	106	115	117	120	122	125	127	128	132	154	156	169	170	182	208	228	293	295	313	
14	15	24	136	173	174	175	192	215	300	188	189	194	195	196	197	223	224	225	226	227
2	3	5	6	8	9	10	11	1	26	27	29	32	34	35	36	37	61	65	67	72	73	78	84	85	87	99	107	114	116	119	121	126	131	143	155	157	158	164	183	184	199	201	202	203	206	207	213	216	240	244	248	257	258	260	261	266	267	273	274	275	288	292	294
13	25	41	44	165	181	187	263	45	43	47	48	50	52	55	56	133	135	139	141	161	166	209	210	211	212	243	249	262	277	278	279	280	281	282	283	304	305	306	307	308	301	302	310	311	312



-------------- OA_AJHsqldb  ---------------
CLUSTERS
18	58	59	137	138	249	250	251	252	270	
152	
285	286	287	288	289	292	290	291	294	295	296	297	298	299	300	269	
2	3	4	6	11	22	57	62	63	76	77	78	80	81	82	83	86	88	90	91	98	99	100	102	105	106	107	108	109	110	114	120	122	131	183	186	187	194	195	196	197	198	244	276	284	
14	16	41	42	43	84	93	117	118	119	126	127	134	160	161	167	242	12	
146	147	148	149	150	151	153	154	155	156	157	158	
32	51	64	241	265	
163	164	165	166	169	170	171	172
5	10	75	130	271	272
1	19	60	111	192	204	205	206	207	208	209	210	211	212	213	214	215	217	216	218	219	220	221	222	223	224	225	226	227	228	229	230	231	232	233	234	235	236	237	238	239	240	
9	113	
20	24	28	29	30	31	13	39	40	49	50	52	65	70	71	79	101	104	112	121	123	124	132	136	139	140	168	185	188	189	159	190	191	193	202	248	255	256	257	258	259	260	261	262	277	278	279	280	281	282	283	
301	302	7	8	15	17	21	23	25	26	27	33	34	44	45	46	47	48	53	54	55	35	36	56	37	38	61	66	67	68	69	72	73	85	87	89	92	94	95	96	97	74	103	293	115	116	125	128	129	133	135	141	142	143	144	145	162	173	174	175	176	177	178	179	
180	181	182	184	199	200	201	203	243	245	246	247	253	254	263	264	266	267	268	273	274	275	303	304	305	

Corrigido Colocando o módulo 181 no mesmo cluster do módulo 73

-------------- OA_TollSystems  ---------------
CLUSTERS
9	10	11	13	16	20	27	39	55	64	65	66	67	68	69	
5	6	23	24	
14	15	28	30	33	35	37	38	42	44	45	46	47	48	56	71	72	
1	7	12	17	22	25	31	36	43	29	49	61	
19	32	34	52	54	62	63	70	
2	3	4	8	18	21	26	40	41	50	51	53	57	
58	59	60	
73	


Corrigido Colocando o módulo 71 no mesmo cluster do módulo 13

-------------- OO_BCEL  ---------------
CLUSTERS
4	5	
6	8	7	9	10	11	12	13	14	15	16	17	18	19	20	21	
26	27	
28	29	
31	32
33	34	
40	41	42	
1	2	3	22	23	24	25	30	35	36	37	38	39	43	44	45	

Corrigido Colocando os módulos 27 e 27 no mesmo cluster do módulo 35 e 1
