100	
101
49	53	58	205	12	28	33	59	79	86	108	145	214	303	129	130	259	160	217	218	219	220	221	222	138	66	74	238	256	286	291
21	38	40	42	51	54	57	60	62	30	31	76	77	88	89	90	91	92	80	81	82	83	98	167	168	134	142	159	4	18	20	46	69	70	71	93	94	95	96	113	109	123	124	140	148	149	150	151	152	153	234	245	246	247	251	271	272	289	297	299	171	172	176	177	186	185	190	193	233	235	236	237	239	265	268	269	270	276	252	253	284	285	296	298	314	16	97	191	254	315	316	317	318	319
7	17	19	22	23	39	63	110	111	112	118	137	144	146	147	162	163	178	179	180	198	200	204	229	230	231	232	241	242	250	255	264	287	290	309
64	68	75	102	103	104	105	106	115	117	120	122	125	127	128	132	154	156	169	170	182	208	228	293	295	313	
14	15	24	136	173	174	175	192	215	300	188	189	194	195	196	197	223	224	225	226	227
2	3	5	6	8	9	10	11	1	26	27	29	32	34	35	36	37	61	65	67	72	73	78	84	85	87	99	107	114	116	119	121	126	131	143	155	157	158	164	183	184	199	201	202	203	206	207	213	216	240	244	248	257	258	260	261	266	267	273	274	275	288	292	294
13	25	41	44	165	181	187	263	45	43	47	48	50	52	55	56	133	135	139	141	161	166	209	210	211	212	243	249	262	277	278	279	280	281	282	283	304	305	306	307	308	301	302	310	311	312


1	2	3	4	5	6	7	8	9	10	11	12	13	14	15	16	17	18	19	20 21	22	23	24	25	26	27	28	29	30	31	32	33	34	35	36	37	38	39	40	41	42	43	44	45	46	47	48	49	50	51	52	53	54	55	56	57	58	59	60	61	62	63	64	65	66	67	68	69	70	71	72	73	74	75	76	77	78	79	80	81	82	83	84	85	86	87	88	89	90	91	92	93	94	95	96	97	98	99	100	
101	102	103	104	105	106	107	108	109	110	111	112	113	114	115	116	117	118	119	120 121	122	123	124	125	126	127	128	129	130	131	132	133	134	135	136	137	138	139	140	141	142	143	144	145	146	147	148	149	150	151	152	153	154	155	156	157	158	159	160	161	162	163	164	165	166	167	168	169	170	171	172	173	174	175	176	177	178	179	180	181	182	183	184	185	186	187	188	189	190	191	192	193	194	195	196	197	198	199	200	
201	202	203	204	205	206	207	208	209	210	211	212	213	214	215	216	217	218	219	220	221	222	223	224	225	226	227	228	229	230	231	232	233	234	235	236	237	238	239	240	241	242	243	244	245	246	247	248	249	250	251	252	253	254	255	256	257	258	259	260	261	262	263	264	265	266	267	268	269	270	271	272	273	274	275	276	277	278	279	280	281	282	283	284	285	286	287	288	289	290	291	292	293	294	295	296	297	298	299	300	
301	302	303	304	305	306	307	308	309	310	311	312	313	314	315	316	317	318	319	
