2129.0 278.0 128.0 212.0 
2331.0 279.0 127.0 207.0 
2108.0 281.0 129.0 206.0 
2130.0 279.0 129.0 210.0 
2411.0 280.0 136.0 205.0 
2178.0 280.0 127.0 215.0 
2249.0 282.0 124.0 211.0 
2083.0 281.0 125.0 224.0 
2159.0 282.0 124.0 222.0 
2177.0 277.0 130.0 216.0 
2039.0 282.0 126.0 221.0 
2035.0 282.0 126.0 228.0 
2109.0 282.0 125.0 222.0 
1961.0 281.0 128.0 217.0 
1429.0 359.0 166.0 250.0 
1378.0 388.0 183.0 274.0 
1478.0 345.0 162.0 242.0 
1475.0 349.0 158.0 239.0 
1687.0 292.0 138.0 218.0 
1448.0 353.0 161.0 245.0 
1376.0 393.0 186.0 273.0 
1535.0 322.0 153.0 231.0 
1537.0 324.0 151.0 228.0 
1488.0 351.0 160.0 235.0 
1397.0 376.0 171.0 253.0 
1476.0 348.0 165.0 240.0 
1442.0 359.0 166.0 240.0 
1406.0 365.0 166.0 246.0 
1468.0 342.0 166.0 255.0 
1501.0 326.0 153.0 234.0 
1693.0 292.0 137.0 216.0 
1390.0 376.0 174.0 256.0 
1471.0 350.0 159.0 237.0 
1371.0 385.0 180.0 275.0 
1477.0 345.0 163.0 243.0 
1510.0 328.0 154.0 233.0 
1405.0 365.0 167.0 247.0 
1459.0 350.0 158.0 243.0 
1441.0 353.0 163.0 242.0 
1717.0 286.0 135.0 212.0 
1465.0 344.0 161.0 244.0 
1483.0 331.0 157.0 237.0 
1484.0 336.0 158.0 236.0 
1372.0 394.0 185.0 272.0 
1497.0 334.0 159.0 235.0 
1478.0 338.0 161.0 243.0 
1458.0 352.0 160.0 240.0 
1451.0 354.0 161.0 244.0 
1514.0 326.0 153.0 230.0 
1489.0 335.0 157.0 235.0 
1500.0 332.0 158.0 235.0 
1441.0 352.0 159.0 251.0 
1440.0 351.0 168.0 246.0 
1387.0 386.0 181.0 269.0 
1391.0 372.0 172.0 250.0 
1377.0 390.0 184.0 274.0 
1468.0 351.0 159.0 242.0 
1433.0 357.0 165.0 244.0 
1517.0 324.0 152.0 232.0 
1369.0 390.0 183.0 282.0 
1456.0 355.0 160.0 245.0 
1430.0 361.0 165.0 252.0 
1387.0 384.0 178.0 279.0 
1540.0 322.0 152.0 232.0 
1739.0 288.0 121.0 231.0 
1739.0 290.0 122.0 225.0 
1727.0 288.0 122.0 226.0 
1723.0 289.0 122.0 228.0 
1494.0 350.0 134.0 236.0 
1416.0 387.0 157.0 250.0 
1639.0 298.0 120.0 216.0 
1831.0 286.0 121.0 204.0 
1495.0 345.0 131.0 238.0 
1823.0 288.0 121.0 211.0 
1590.0 305.0 119.0 224.0 
1836.0 284.0 119.0 209.0 
1422.0 384.0 156.0 262.0 
1858.0 288.0 119.0 206.0 
1865.0 285.0 119.0 198.0 
1458.0 369.0 148.0 240.0 
1459.0 367.0 147.0 247.0 
1514.0 335.0 129.0 229.0 
1466.0 360.0 145.0 245.0 
1401.0 391.0 159.0 258.0 
1511.0 344.0 132.0 231.0 
1706.0 298.0 120.0 208.0 
1402.0 387.0 157.0 264.0 
1435.0 388.0 153.0 258.0 
1527.0 330.0 127.0 226.0 
1942.0 283.0 118.0 202.0 
1630.0 305.0 123.0 219.0 
1424.0 382.0 154.0 255.0 
1445.0 367.0 148.0 241.0 
1770.0 290.0 118.0 213.0 
1490.0 352.0 136.0 236.0 
1436.0 383.0 153.0 258.0 
1519.0 337.0 129.0 228.0 
1445.0 381.0 160.0 240.0 
1728.0 291.0 117.0 212.0 
1507.0 340.0 129.0 235.0 
1647.0 295.0 118.0 222.0 
1660.0 291.0 117.0 220.0 
1437.0 377.0 153.0 254.0 
1556.0 319.0 125.0 223.0 
2697.0 306.0 146.0 185.0 
1870.0 283.0 117.0 203.0 
1849.0 290.0 120.0 199.0 
1420.0 387.0 156.0 256.0 
1471.0 359.0 141.0 243.0 
1419.0 389.0 156.0 250.0 
1520.0 333.0 127.0 234.0 
1495.0 354.0 136.0 235.0 
1479.0 362.0 148.0 241.0 
1482.0 355.0 139.0 237.0 
2696.0 309.0 149.0 183.0 
1761.0 297.0 119.0 206.0 
1504.0 349.0 133.0 232.0 
1582.0 307.0 121.0 219.0 
1404.0 390.0 160.0 260.0 
1440.0 370.0 145.0 244.0 
1502.0 347.0 134.0 233.0 
1932.0 285.0 119.0 195.0 
1832.0 302.0 124.0 203.0 
1451.0 373.0 144.0 251.0 
2779.0 313.0 149.0 179.0 
1463.0 372.0 142.0 245.0 
1935.0 289.0 119.0 194.0 
1722.0 293.0 119.0 207.0 
1667.0 316.0 125.0 214.0 
1480.0 360.0 139.0 237.0 
1776.0 313.0 125.0 205.0 
1978.0 283.0 119.0 201.0 
1820.0 289.0 120.0 210.0 
1532.0 328.0 125.0 231.0 
1655.0 293.0 119.0 215.0 
1417.0 386.0 158.0 257.0 
1570.0 312.0 123.0 222.0 
1432.0 384.0 157.0 250.0 
2694.0 317.0 149.0 182.0 
1928.0 291.0 120.0 196.0 
2632.0 328.0 154.0 190.0 
2043.0 283.0 123.0 199.0 
2046.0 290.0 124.0 192.0 
1814.0 290.0 122.0 205.0 
1472.0 369.0 146.0 242.0 
1488.0 352.0 138.0 240.0 
1462.0 365.0 147.0 246.0 
2806.0 313.0 150.0 178.0 
2659.0 324.0 152.0 190.0 
1830.0 291.0 121.0 204.0 
1964.0 278.0 134.0 210.0 
1708.0 287.0 129.0 238.0 
1776.0 282.0 128.0 215.0 
1722.0 287.0 129.0 236.0 
1815.0 286.0 126.0 226.0 
1718.0 288.0 129.0 237.0 
1723.0 287.0 132.0 224.0 
1976.0 281.0 133.0 212.0 
1757.0 287.0 127.0 231.0 
2022.0 281.0 131.0 207.0 
1688.0 287.0 131.0 228.0 
1711.0 287.0 128.0 238.0 
1972.0 279.0 129.0 214.0 
1750.0 284.0 129.0 218.0 
1703.0 285.0 130.0 228.0 
1779.0 282.0 128.0 213.0 
1707.0 285.0 131.0 226.0 
1666.0 289.0 133.0 226.0 
1787.0 287.0 127.0 230.0 
1667.0 289.0 128.0 239.0 
1989.0 282.0 131.0 211.0 
1742.0 285.0 129.0 221.0 
1728.0 286.0 129.0 234.0 
1540.0 316.0 133.0 237.0 
1508.0 334.0 145.0 241.0 
1541.0 303.0 127.0 227.0 
1511.0 330.0 137.0 239.0 
1589.0 306.0 125.0 232.0 
1506.0 343.0 145.0 241.0 
1642.0 292.0 124.0 232.0 
1529.0 321.0 137.0 236.0 
1522.0 317.0 138.0 235.0 
1549.0 302.0 126.0 225.0 
1571.0 304.0 127.0 224.0 
1714.0 289.0 126.0 224.0 
1611.0 303.0 129.0 222.0 
1518.0 329.0 135.0 240.0 
1484.0 342.0 144.0 244.0 
1607.0 299.0 127.0 226.0 
1641.0 295.0 123.0 231.0 
1818.0 289.0 127.0 218.0 
1719.0 290.0 127.0 222.0 
1592.0 301.0 125.0 232.0 
1499.0 344.0 146.0 242.0 
1601.0 300.0 127.0 227.0 
1708.0 290.0 127.0 224.0 
1458.0 366.0 158.0 251.0 
1614.0 298.0 125.0 221.0 
1608.0 300.0 126.0 229.0 
1477.0 343.0 145.0 245.0 
1523.0 317.0 138.0 234.0 
1462.0 364.0 157.0 249.0 
1493.0 347.0 148.0 241.0 
