graph G {
	graph [fontname=Verdana, fontsize=10]
	node [label="\N", fontname=Verdana, fontsize=10]
80
1
99
	

2
5
3
4
63
12
48
6
13
9
78
97
102
115
17
28
29
32
33
35
37
46
141
53
54
55
58
66
74
76
84
98
96
108
111
114
123
124
130
180
131
133
136
138
145
146
147
151
152
153
157
159
160
166
104
167
177
181
183
193
	

7
57
40
43
41
42
44
45
140
173
	

8
59
112
	

197
10
	

79
11
82
89
91
184
196
	

14
132
121
142
195
	

15
134
22
52
110
149
	

16
139
30
34
109
154
155
	

20
18
21
23
38
64
81
93
107
113
128
143
144
150
162
163
164
169
194
	

19
185
36
56
60
65
77
71
120
72
161
73
168
75
127
175
176
178
179
	

24
	

25
	

26
	

27
	

31
	

39
	

47
	

49
	

50
	

51
	

61
137
95
172
	

62
129
148
125
126
170
182
	

67
85
86
	

68
88
	

69
	

70
	

83
	

87
	

90
	

92
	

94
	

100
	

101
	

103
	

105
	

106
	

116
	

117
	

118
	

119
	

122
	

135
	

156
	

158
	

165
	

171
	

174
	

186
188
	

187
	

189
	

190
	

191
	

192
	



