graph G {
	graph [fontname=Verdana, fontsize=10]
	node [label="\N", fontname=Verdana, fontsize=10]
1
75
	

2
48
11
12
27
28
31
30
32
33
58
56
59
72
131
78
79
85
86
100
105
212
312
101
128
107
108
138
129
175
144
145
163
173
186
174
188
270
194
196
197
213
214
223
224
243
252
257
261
292
301
309
314
316
	

3
68
4
69
5
115
7
179
8
182
279
14
13
84
17
18
123
19
20
124
22
24
273
37
38
39
40
46
60
61
122
64
71
92
242
93
140
102
110
178
112
113
119
121
70
141
142
176
146
148
149
150
151
177
152
284
162
230
180
183
195
287
198
200
204
206
216
217
218
219
220
221
222
225
226
229
232
233
234
244
245
250
251
264
265
276
288
289
296
297
299
	

6
154
26
184
34
35
36
65
66
111
137
147
201
231
235
236
241
298
307
	

9
293
10
16
23
62
73
63
290
67
74
76
260
98
99
136
153
285
158
192
193
203
227
237
238
255
256
258
268
286
291
294
209
295
300
308
315
318
	

15
	

21
	

25
	

29
208
42
114
202
215
266
319
	

41
	

44
43
45
	

47
	

49
	

50
	

51
54
57
	

52
	

53
	

55
	

77
	

80
	

81
	

82
	

106
104
130
199
274
83
317
	

87
132
164
	

171
88
172
185
189
269
	

89
	

90
	

91
	

271
94
	

272
95
	

96
	

97
	

103
	

109
246
	

116
125
126
248
267
	

117
	

118
	

120
	

275
127
	

133
	

134
	

135
	

139
	

143
228
	

155
156
157
	

159
	

160
	

161
	

165
	

166
277
253
262
282
	

167
	

168
	

169
	

170
	

181
	

187
	

191
190
	

205
	

207
	

210
	

211
	

239
	

240
	

247
	

249
	

254
	

259
	

263
	

278
310
	

280
	

281
	

283
	

302
	

303
	

305
304
	

306
	

311
	

313
	



