graph G {
	graph [fontname=Verdana, fontsize=10]
	node [label="\N", fontname=Verdana, fontsize=10]
1
	

2
	

3
	

4
197
	

76
5
77
78
183
81
6
91
86
90
22
105
106
107
109
120
130
272
	

7
128
56
125
135
	

200
8
243
273
	

9
	

10
	

11
	

12
	

13
	

14
	

15
17
145
16
	

18
	

19
	

20
	

21
	

23
	

24
	

25
	

26
	

27
	

279
28
	

29
	

30
	

31
	

32
	

33
	

34
	

35
	

36
	

37
	

38
	

257
39
260
	

40
	

41
	

242
42
	

43
	

44
	

45
	

47
48
46
	

51
49
280
	

50
	

52
	

53
	

54
	

55
	

57
108
	

59
58
	

60
	

61
	

63
62
	

64
	

65
	

66
	

69
67
268
	

68
	

70
	

71
	

72
	

73
181
74
180
	

75
	

79
	

80
88
	

146
82
147
149
148
150
151
	

153
83
155
154
156
157
158
	

84
93
	

85
	

89
87
	

92
	

94
	

96
95
	

175
97
274
	

98
	

99
244
	

100
131
199
	

101
258
104
124
132
136
189
	

102
	

103
	

276
110
	

111
	

112
	

113
	

114
	

115
	

116
	

126
117
	

118
	

119
	

121
	

122
	

123
	

127
160
195
161
	

129
	

133
	

134
	

138
137
	

139
	

140
	

141
	

142
	

143
	

144
	

152
	

159
	

162
	

164
163
165
166
	

167
	

168
	

170
169
171
172
	

173
	

174
	

176
178
	

177
	

179
	

182
	

184
	

185
	

186
	

187
	

188
	

190
	

191
	

192
	

193
	

194
	

196
	

198
	

201
	

202
	

203
	

204
	

205
	

208
206
209
210
211
215
217
218
221
225
231
233
236
	

207
	

212
	

213
	

214
	

216
	

219
	

220
	

222
	

223
	

224
	

226
	

227
	

228
	

229
	

230
	

232
240
	

234
	

235
	

237
	

238
	

239
	

241
	

245
	

246
	

247
	

255
248
	

250
249
	

251
	

252
	

253
	

254
	

256
	

259
	

261
	

262
	

265
263
	

264
	

266
	

267
	

269
	

270
	

271
	

275
	

277
278
283
	

281
	

282
	

284
	

285
	

286
295
299
	

287
	

288
	

289
	

290
	

291
	

292
	

293
	

294
	

296
	

297
	

298
	

300
	

301
	

302
	

303
	

304
	

305
	



