graph G {
	graph [fontname=Verdana, fontsize=10]
	node [label="\N", fontname=Verdana, fontsize=10]
1
125
2
3
272
4
5
6
7
8
9
10
11
12
13
14
15
16
17
18
19
20
21
22
23
24
25
26
27
28
29
30
31
32
45
33
34
35
36
37
38
39
40
41
42
43
44
46
194
	

47
109
81
111
144
167
197
198
200
213
	

48
205
236
113
146
157
168
267
	

49
	

173
50
289
326
327
329
	

51
83
65
105
136
190
225
261
296
322
323
	

52
121
57
74
256
271
	

86
53
235
254
293
	

54
292
75
234
257
273
	

55
317
61
63
64
68
69
80
91
92
104
110
129
138
163
187
188
206
269
279
290
291
298
302
319
	

56
207
60
169
	

58
122
62
227
67
72
87
160
183
224
133
229
241
280
284
306
308
316
	

59
	

66
	

128
70
162
164
226
260
265
276
299
311
324
	

71
	

73
	

76
	

77
281
130
134
186
268
313
301
325
	

78
	

93
79
	

82
	

84
	

85
	

155
88
233
321
	

89
	

90
	

94
177
	

95
201
	

96
208
	

97
219
	

98
245
	

99
247
	

100
283
101
285
287
	

102
315
	

103
	

106
	

107
288
240
295
	

108
	

112
	

114
	

115
	

116
	

117
	

118
	

119
	

120
	

123
	

124
	

126
211
135
181
193
	

127
253
189
	

131
	

132
143
182
266
	

137
	

139
	

140
	

141
	

142
	

145
	

147
	

148
	

149
	

150
156
191
264
	

151
307
165
	

152
309
166
	

153
	

154
158
159
192
275
297
	

161
	

170
	

171
	

172
	

174
	

175
	

176
	

178
	

179
	

203
180
	

184
	

185
	

195
	

204
196
	

199
	

202
	

209
	

210
	

212
	

214
215
217
216
	

218
	

220
	

221
	

222
	

223
	

228
	

230
	

231
	

232
320
	

237
	

238
	

239
	

242
	

243
	

244
	

246
	

248
	

249
	

250
	

251
	

252
	

255
	

258
	

259
	

262
	

263
	

270
	

274
	

277
	

278
	

282
	

286
	

294
	

300
	

303
	

304
	

305
	

310
	

312
	

314
	

318
	

328
	

330
	

331
	



