graph G {
	graph [fontname=Verdana, fontsize=10]
	node [label="\N", fontname=Verdana, fontsize=10]
2
1
17
18
52
70
114
122
146
	

3
4
37
38
11
12
35
36
139
13
15
22
19
20
27
28
29
30
31
32
33
39
40
41
42
44
45
48
49
50
53
55
56
129
57
58
59
60
68
71
74
76
77
79
81
82
84
86
91
92
94
97
127
98
99
111
112
115
116
117
118
120
123
124
125
128
131
132
134
135
142
143
144
147
	

5
137
6
8
113
141
	

61
7
102
106
107
119
	

9
96
	

10
95
14
51
69
75
78
85
105
108
121
145
	

16
140
21
46
47
54
62
63
64
67
72
73
80
83
100
126
133
136
	

23
	

24
25
	

26
148
	

34
	

43
	

65
66
	

87
	

88
	

89
90
	

93
	

101
	

103
104
	

109
110
	

130
	

138
	



