graph G {
	graph [fontname=Verdana, fontsize=10]
	node [label="\N", fontname=Verdana, fontsize=10]
9
1
79
82
	

2
	

3
58
	

4
13
32
49
92
	

7
5
8
	

6
	

88
10
	

89
11
	

21
12
37
38
39
67
68
69
70
71
72
73
74
75
76
83
84
85
86
103
104
105
106
107
108
109
110
111
112
113
115
116
117
	

14
	

15
59
16
	

19
17
20
	

18
	

22
	

23
	

24
	

25
60
26
	

27
	

28
	

29
61
30
	

31
	

35
33
36
	

34
	

80
40
	

41
	

42
	

43
	

44
	

45
	

46
	

47
57
62
81
	

90
48
	

50
	

51
	

52
	

53
	

54
	

55
63
56
	

64
	

97
65
98
	

101
66
102
	

77
	

78
	

87
	

91
	

95
93
96
	

94
	

99
	

100
	

114
	



