+17 41 30 40 4 19 27 43 35 16 28 21 10 32 36 15 24 20 31 25 38 3 9 42 39 33 0 37 14 1 34 29 18 44 8 7 13 12 11 26 5 6 2 22 23  
+17 41 40 30 4 31 3 19 15 32 38 14 36 24 0 33 35 39 10 43 27 42 28 21 1 25 6 16 20 12 34 29 44 2 8 18 9 7 11 13 37 5 26 23 22  
+17 41 4 30 40 19 35 43 27 32 31 33 37 3 7 0 24 38 42 14 39 16 21 15 18 28 9 1 34 8 25 6 29 11 2 44 13 10 12 5 36 20 22 23 26  
+17 41 30 31 40 4 19 27 35 15 16 43 32 18 37 28 38 24 33 3 7 9 39 1 34 8 25 6 29 11 21 2 44 14 13 42 10 12 0 5 36 20 26 23 22  
+35 17 41 44 40 19 32 30 33 24 18 15 10 8 13 38 12 0 9 27 31 4 36 21 11 37 3 7 39 14 6 43 42 5 16 20 28 1 26 25 34 29 2 22 23  
+35 17 41 40 44 19 32 30 33 24 18 15 13 38 12 27 31 4 36 21 7 39 37 10 0 3 9 11 8 14 6 43 42 5 20 28 16 1 26 25 34 29 2 22 23  
+35 17 41 40 4 19 32 30 27 3 0 44 12 18 37 11 13 10 36 33 15 8 9 24 14 31 21 39 7 38 6 43 42 5 20 28 16 1 26 25 34 29 23 22 2  
+17 0 41 40 4 44 19 27 16 24 13 38 32 42 28 30 10 15 18 14 11 31 33 39 35 7 37 43 21 6 8 9 36 12 5 20 3 1 34 26 25 29 2 23 22  
+17 41 40 4 32 44 39 19 6 11 21 35 0 15 24 37 30 43 27 10 38 12 8 16 18 31 42 28 7 33 13 9 14 5 3 20 36 1 26 34 25 29 23 2 22  
+17 41 40 19 4 6 32 44 39 21 11 35 0 15 24 37 30 43 27 10 38 12 8 16 18 31 42 28 7 33 13 9 14 5 3 20 36 1 26 34 25 29 2 23 22  
+17 41 40 19 4 27 0 32 39 15 24 30 43 42 7 31 18 33 37 11 10 12 28 3 38 13 44 9 14 8 35 16 21 6 5 20 36 1 26 34 25 29 23 2 22  
+17 41 40 4 19 35 27 29 0 32 30 24 43 33 31 37 39 15 6 42 36 10 3 44 28 16 8 38 13 21 9 18 14 12 11 7 5 20 1 26 34 25 2 23 22  
+19 30 17 32 15 41 27 4 40 42 0 33 38 31 43 3 24 44 37 12 8 11 21 18 14 9 35 13 39 20 6 36 28 16 1 7 26 25 34 10 5 29 2 23 22  
+17 30 19 32 41 15 24 40 37 9 33 27 11 42 35 16 36 43 31 14 18 38 0 10 12 8 13 4 21 3 39 28 1 34 25 29 26 2 6 7 23 44 5 20 22  
+19 17 32 41 4 27 9 33 37 11 40 24 42 30 36 35 16 15 31 43 3 39 28 1 29 44 21 25 14 18 38 0 26 10 12 8 13 6 34 7 5 20 2 23 22  
+35 17 0 19 41 40 18 4 27 13 36 43 8 11 32 10 30 28 16 21 31 24 14 20 38 39 33 42 15 3 5 37 1 6 26 34 29 44 2 9 25 23 12 7 22  
+19 17 41 27 4 35 32 37 16 33 3 40 44 36 24 30 39 0 12 10 38 18 6 31 7 28 43 21 9 42 15 11 13 20 14 8 1 34 25 26 5 29 23 2 22  
+5 35 17 19 32 27 37 44 4 41 40 10 16 30 24 28 43 33 18 36 38 39 0 21 6 31 42 11 3 15 8 12 7 13 20 9 1 34 25 14 26 29 23 2 22  
+17 19 41 27 16 35 40 32 30 11 37 4 43 31 6 36 33 0 8 10 3 42 44 39 15 12 38 28 21 24 7 18 13 5 20 1 34 25 26 9 14 29 23 2 22  
+17 19 41 40 35 30 16 37 4 0 42 24 39 38 32 27 31 6 36 33 8 10 3 15 43 44 11 9 28 7 18 21 12 13 5 20 1 34 26 25 14 29 23 2 22  
+17 19 35 42 27 8 4 41 40 10 30 37 24 6 36 39 38 21 28 0 31 18 32 33 11 16 3 15 43 44 9 7 12 13 5 20 1 34 26 25 14 29 23 2 22  
+19 17 41 27 4 35 32 37 16 33 3 40 29 44 30 42 43 6 36 15 11 24 12 31 38 10 28 7 21 0 8 18 13 5 20 39 1 34 25 14 26 2 9 23 22  
+0 44 19 30 17 41 8 4 12 11 40 16 15 36 13 14 27 28 31 32 18 6 39 33 42 21 24 10 7 37 9 38 43 5 3 35 20 1 25 34 29 26 2 23 22  
+0 17 41 40 32 44 30 19 16 27 13 4 14 18 12 6 39 15 33 31 42 21 24 11 10 8 7 37 36 9 38 43 28 5 3 35 20 1 25 34 29 26 2 23 22  
+0 44 19 5 17 41 15 32 4 11 43 40 30 42 14 27 13 31 8 6 16 24 28 21 12 39 36 38 9 18 37 33 35 10 7 3 20 1 25 34 29 26 2 23 22  
+35 5 17 41 19 32 40 27 6 44 36 8 39 4 18 37 11 16 21 0 13 33 42 15 30 14 10 24 28 43 38 9 20 31 7 12 3 1 25 34 26 29 2 22 23  
+35 17 41 19 27 40 32 29 4 15 24 6 38 37 43 33 3 16 44 30 8 39 42 13 11 10 12 31 14 36 21 18 0 9 28 7 5 20 1 25 26 34 2 23 22  
+35 17 41 4 19 27 32 30 40 39 15 7 31 36 12 33 3 8 13 43 21 0 28 6 18 9 42 24 37 14 16 11 38 10 20 1 25 34 26 29 44 5 2 23 22  
+17 41 19 4 40 3 32 37 27 44 33 35 30 28 12 43 24 0 10 7 9 42 11 31 38 36 6 13 18 39 16 15 14 8 20 21 1 5 26 25 34 29 2 23 22  
+17 41 19 32 4 40 27 33 3 0 37 10 43 30 31 24 21 35 7 44 36 12 14 38 6 42 9 15 18 13 39 16 11 8 28 5 20 1 26 25 34 29 2 23 22  
+17 41 4 40 19 32 27 0 7 38 37 43 30 31 21 13 12 33 24 28 3 44 10 35 36 8 14 9 6 42 11 39 18 16 15 20 1 25 34 29 2 23 5 26 22  
+5 17 41 40 4 19 32 27 44 30 6 39 37 31 13 38 12 21 28 8 24 0 10 16 18 33 9 7 11 35 20 43 15 14 3 42 36 1 26 25 34 29 2 23 22  
+17 41 19 40 30 24 0 38 16 31 27 8 15 13 32 42 21 43 12 4 39 11 6 3 18 36 37 33 7 28 20 1 26 34 25 29 44 5 10 9 14 35 2 23 22  
+17 41 19 32 40 30 27 43 4 24 31 15 16 13 6 11 38 3 36 37 39 33 1 26 0 29 44 21 42 10 7 12 9 14 18 8 35 5 28 20 34 25 2 23 22  
+17 41 19 32 40 30 27 43 24 39 0 38 13 12 6 11 15 42 36 33 16 10 7 28 37 4 31 3 1 26 29 44 21 9 14 18 8 35 5 20 34 25 2 23 22  
+17 41 4 40 19 32 3 27 44 35 11 0 13 42 37 7 18 30 12 33 10 24 8 21 15 5 20 6 38 9 28 36 39 31 14 43 16 1 25 26 34 29 2 22 23  
+35 0 19 17 4 41 16 40 32 27 44 43 28 15 10 11 33 30 8 42 13 31 24 9 3 18 21 14 7 37 12 5 39 36 38 6 20 1 25 34 26 29 23 2 22  
+19 17 4 41 35 0 40 27 32 16 33 43 3 44 28 21 8 30 24 36 13 15 31 42 10 9 14 11 39 18 38 6 7 37 12 5 20 1 25 34 26 29 23 2 22  
+19 17 4 41 35 0 40 27 32 43 3 16 44 11 8 30 42 28 10 33 36 6 13 15 24 9 21 14 38 39 31 7 37 18 5 20 1 12 25 34 26 29 23 2 22  
+19 17 41 4 0 35 16 40 27 32 10 30 13 7 43 15 31 3 44 8 33 11 18 24 28 42 36 38 14 21 12 6 9 39 37 5 20 1 25 34 26 29 23 2 22  
+19 17 4 0 41 35 16 40 27 32 24 30 10 13 7 15 31 11 18 28 36 43 33 21 3 44 14 42 9 8 39 37 38 12 6 5 20 1 25 34 26 29 23 2 22  
+19 17 4 0 41 35 16 40 27 32 24 30 10 33 43 3 44 28 11 7 15 31 18 8 42 5 13 36 21 39 38 14 12 6 9 37 20 1 25 34 26 29 23 22 2  
+19 17 4 18 41 35 16 43 40 27 32 10 39 33 0 24 3 7 15 28 30 44 38 31 11 36 42 9 8 14 13 5 21 12 6 37 20 1 25 34 26 29 23 2 22  
+19 17 4 0 41 35 16 27 32 30 43 33 31 18 40 13 28 24 39 14 15 7 11 36 9 10 21 37 6 38 42 8 3 44 12 5 20 1 25 34 26 29 23 2 22  
+17 19 4 41 35 32 16 43 27 30 40 10 33 3 37 21 0 12 13 38 42 8 11 18 24 36 15 39 28 9 7 14 5 6 31 20 1 25 34 29 44 2 26 23 22  
+35 5 17 4 19 41 40 0 32 27 3 44 43 10 28 42 30 13 15 16 24 11 33 21 14 9 8 36 38 6 39 7 31 18 37 12 20 1 34 25 29 2 22 23 26  
+19 17 4 0 41 18 32 16 43 27 30 31 33 40 11 29 21 3 6 44 42 10 13 8 35 24 36 15 39 28 9 7 14 5 20 38 37 1 25 34 2 12 26 22 23  
+19 17 41 16 35 40 32 30 29 0 27 39 13 37 31 24 4 3 43 44 8 10 14 7 36 6 38 28 33 15 42 21 18 12 11 5 20 1 25 34 26 9 2 23 22  
+19 17 16 41 40 32 27 30 0 29 13 31 37 28 39 24 33 4 36 38 18 3 43 42 44 8 10 15 14 6 35 11 7 21 12 5 20 1 25 34 26 9 2 23 22  
+17 4 41 0 40 15 19 35 8 27 30 29 28 36 31 32 13 6 33 10 24 3 43 42 18 16 44 21 37 39 11 12 9 14 38 7 5 20 1 26 34 25 23 2 22  
+19 17 41 32 27 4 40 3 16 33 37 24 35 28 30 43 44 11 9 31 38 12 21 39 7 13 10 18 8 20 15 6 42 36 1 0 34 25 26 14 29 2 23 5 22  
+17 4 35 41 40 30 19 27 32 33 16 24 31 39 3 21 29 6 44 14 11 15 9 42 43 13 37 10 18 7 28 36 38 12 8 0 20 1 34 25 26 2 5 23 22  
+5 17 41 4 35 0 19 40 27 39 32 3 44 28 33 24 30 15 43 42 10 18 21 31 11 38 8 13 9 20 12 36 7 37 1 26 16 34 25 14 6 29 2 23 22  
+35 19 17 16 41 30 32 4 40 43 31 3 27 44 6 8 12 14 39 7 33 18 24 42 38 21 15 0 13 36 37 11 9 10 28 5 20 1 34 25 29 23 26 2 22  
+35 19 17 0 16 41 30 10 32 4 40 15 42 43 8 24 21 27 28 31 9 14 33 37 12 3 6 11 18 13 39 44 36 38 7 5 20 1 34 25 26 29 23 22 2  
+17 30 19 35 27 4 0 37 32 16 21 33 38 18 13 15 31 41 42 40 24 3 36 43 39 44 8 28 20 12 1 26 7 10 25 11 9 34 14 6 29 2 5 22 23  
+5 17 41 40 4 3 32 16 44 0 35 19 39 37 27 18 43 42 30 6 33 38 12 24 9 11 15 31 28 13 14 10 7 21 8 36 20 1 25 34 29 23 26 2 22  
+17 4 16 30 41 31 27 15 19 3 32 40 0 42 24 37 13 36 21 39 18 43 10 20 6 38 8 35 33 1 12 25 34 29 44 11 28 26 7 9 14 23 5 2 22  
+5 17 4 30 41 31 3 19 27 40 16 32 37 43 44 0 6 13 42 21 24 35 14 38 36 18 39 11 10 8 9 20 28 33 1 25 15 34 12 29 7 2 26 23 22  
+19 17 32 41 0 27 40 18 4 16 44 30 35 14 43 36 21 11 13 8 37 42 15 38 6 7 31 9 28 10 39 12 33 5 24 3 20 1 25 26 34 29 23 22 2  
+19 17 30 41 40 4 37 32 29 31 43 27 8 3 35 44 18 16 42 0 9 38 12 14 15 21 7 39 36 33 6 28 11 13 10 24 5 20 1 25 26 34 23 22 2  
+19 17 41 40 16 0 15 27 35 30 8 37 32 43 24 4 6 31 33 3 1 25 29 7 44 18 12 13 42 28 21 36 9 38 14 39 10 11 5 20 2 26 34 23 22  
+17 41 19 32 40 43 4 0 33 30 27 31 11 12 3 44 7 24 39 8 10 9 14 16 18 42 6 15 13 37 5 28 36 21 38 20 35 1 26 25 34 29 2 23 22  
+17 0 41 19 4 27 43 32 33 21 29 15 30 31 3 24 40 12 44 16 38 35 36 11 14 9 8 10 13 7 42 6 18 37 28 39 20 5 1 26 25 34 2 23 22  
+19 17 41 0 40 32 30 43 27 4 29 33 3 36 44 7 21 16 31 9 38 24 13 18 37 42 6 39 11 8 35 14 12 28 15 10 1 26 5 20 25 34 2 23 22  
+17 41 19 32 30 43 4 0 29 33 27 31 3 24 40 44 16 18 21 7 39 36 13 38 35 11 37 9 8 42 6 14 12 28 15 10 1 26 5 20 25 34 2 23 22  
+17 41 19 32 10 4 0 27 16 21 15 33 30 28 31 24 40 9 37 7 39 18 13 42 36 3 43 1 6 34 29 44 11 38 8 2 25 35 26 5 20 14 12 23 22  
+35 19 17 41 40 16 32 44 27 4 43 30 36 8 24 37 15 11 31 28 39 6 18 12 21 10 0 7 13 9 14 5 38 42 33 20 3 1 26 34 25 29 23 2 22  
+19 17 41 40 32 27 35 36 30 43 4 3 29 44 11 38 42 21 8 33 31 28 10 6 18 37 13 16 39 12 14 24 0 15 9 1 7 26 5 20 34 25 2 23 22  
+17 41 19 40 32 33 27 30 0 16 18 36 13 21 15 10 35 31 6 24 7 39 4 3 38 37 28 43 20 9 42 1 26 25 34 29 44 23 8 11 12 5 2 14 22  
+17 41 19 40 32 33 27 30 0 16 18 36 13 21 15 10 35 11 31 6 24 7 39 8 4 3 38 37 28 43 20 9 12 42 1 26 25 34 29 44 23 5 2 14 22  
