76.0 9.0 7.0 6.0 
53.0 16.0 14.0 13.0 
46.0 19.0 17.0 16.0 
40.0 26.0 24.0 23.0 
37.0 27.0 22.0 31.0 
87.0 6.0 4.0 4.0 
66.0 11.0 9.0 9.0 
59.0 13.0 11.0 11.0 
48.0 17.0 15.0 15.0 
41.0 23.0 19.0 25.0 
56.0 14.0 12.0 12.0 
54.0 16.0 13.0 16.0 
45.0 19.0 17.0 17.0 
32.0 28.0 23.0 33.0 
81.0 7.0 5.0 5.0 
72.0 10.0 8.0 8.0 
32.0 32.0 30.0 30.0 
12.0 41.0 34.0 52.0 
89.0 5.0 3.0 3.0 
62.0 12.0 10.0 10.0 
51.0 16.0 14.0 14.0 
38.0 27.0 25.0 24.0 
40.0 25.0 20.0 30.0 
39.0 27.0 24.0 26.0 
36.0 29.0 27.0 26.0 
22.0 35.0 33.0 32.0 
17.0 39.0 37.0 33.0 
36.0 28.0 21.0 37.0 
97.0 11.0 0.0 33.0 
94.0 13.0 2.0 35.0 
84.0 15.0 4.0 37.0 
37.0 28.0 25.0 27.0 
25.0 35.0 33.0 30.0 
70.0 11.0 9.0 8.0 
86.0 13.0 3.0 33.0 
78.0 15.0 5.0 35.0 
77.0 8.0 6.0 6.0 
18.0 37.0 35.0 33.0 
33.0 28.0 22.0 39.0 
23.0 28.0 24.0 33.0 
15.0 33.0 30.0 34.0 
21.0 30.0 26.0 35.0 
14.0 40.0 34.0 50.0 
43.0 20.0 18.0 18.0 
41.0 22.0 20.0 20.0 
96.0 12.0 1.0 34.0 
47.0 21.0 16.0 28.0 
12.0 37.0 35.0 34.0 
73.0 9.0 7.0 7.0 
70.0 11.0 8.0 11.0 
75.0 17.0 6.0 39.0 
