243.0 151.0 
222.0 166.0 
219.0 178.0 
218.0 179.0 
214.0 180.0 
1575.0 80.0 
1126.0 97.0 
1079.0 98.0 
735.0 108.0 
576.0 111.0 
477.0 115.0 
464.0 117.0 
460.0 118.0 
446.0 119.0 
440.0 120.0 
261.0 137.0 
256.0 139.0 
253.0 144.0 
254.0 141.0 
1371.0 87.0 
1225.0 93.0 
928.0 99.0 
926.0 101.0 
847.0 103.0 
736.0 107.0 
729.0 109.0 
678.0 110.0 
575.0 114.0 
382.0 121.0 
367.0 122.0 
357.0 123.0 
349.0 124.0 
348.0 125.0 
314.0 127.0 
313.0 129.0 
289.0 130.0 
281.0 131.0 
275.0 132.0 
274.0 133.0 
252.0 148.0 
247.0 149.0 
244.0 150.0 
240.0 159.0 
229.0 160.0 
212.0 198.0 
