47.0 25.0 7.0 29.0 
79.0 13.0 1.0 28.0 
48.0 18.0 3.0 30.0 
49.0 18.0 2.0 30.0 
65.0 19.0 7.0 25.0 
74.0 15.0 3.0 26.0 
45.0 22.0 5.0 30.0 
46.0 16.0 1.0 32.0 
101.0 20.0 9.0 20.0 
48.0 21.0 5.0 29.0 
105.0 22.0 12.0 19.0 
50.0 24.0 7.0 28.0 
43.0 17.0 1.0 33.0 
71.0 19.0 6.0 24.0 
92.0 17.0 6.0 22.0 
72.0 16.0 4.0 25.0 
103.0 23.0 11.0 19.0 
77.0 14.0 2.0 27.0 
63.0 16.0 3.0 27.0 
85.0 16.0 4.0 24.0 
94.0 16.0 5.0 23.0 
105.0 19.0 10.0 20.0 
67.0 25.0 11.0 23.0 
49.0 15.0 0.0 31.0 
96.0 19.0 9.0 21.0 
101.0 17.0 7.0 21.0 
58.0 21.0 6.0 26.0 
45.0 19.0 3.0 31.0 
56.0 22.0 6.0 26.0 
92.0 20.0 8.0 21.0 
94.0 23.0 10.0 20.0 
89.0 26.0 14.0 19.0 
70.0 13.0 0.0 29.0 
81.0 16.0 5.0 24.0 
83.0 21.0 9.0 21.0 
73.0 25.0 10.0 22.0 
67.0 20.0 6.0 24.0 
78.0 20.0 9.0 22.0 
98.0 25.0 13.0 19.0 
92.0 14.0 3.0 25.0 
87.0 23.0 12.0 20.0 
76.0 24.0 10.0 21.0 
74.0 18.0 6.0 23.0 
61.0 17.0 4.0 26.0 
61.0 14.0 1.0 29.0 
53.0 23.0 6.0 27.0 
65.0 22.0 9.0 24.0 
85.0 24.0 11.0 20.0 
65.0 15.0 2.0 27.0 
67.0 17.0 4.0 25.0 
43.0 20.0 3.0 32.0 
54.0 19.0 4.0 27.0 
96.0 22.0 11.0 20.0 
54.0 16.0 2.0 28.0 
90.0 15.0 4.0 24.0 
78.0 23.0 11.0 21.0 
71.0 22.0 8.0 23.0 
107.0 25.0 14.0 18.0 
63.0 23.0 8.0 24.0 
59.0 15.0 2.0 28.0 
76.0 17.0 5.0 24.0 
61.0 20.0 6.0 25.0 
52.0 14.0 0.0 30.0 
99.0 15.0 5.0 23.0 
74.0 21.0 8.0 22.0 
83.0 18.0 7.0 22.0 
58.0 18.0 4.0 27.0 
51.0 17.0 2.0 29.0 
51.0 20.0 4.0 28.0 
69.0 23.0 8.0 23.0 
83.0 14.0 2.0 26.0 
87.0 20.0 10.0 21.0 
80.0 26.0 13.0 20.0 
60.0 24.0 8.0 25.0 
