1583.0 296.0 
1563.0 298.0 
1481.0 307.0 
1478.0 308.0 
1477.0 310.0 
1653.0 282.0 
1641.0 287.0 
1647.0 286.0 
1627.0 288.0 
1625.0 291.0 
1622.0 295.0 
1577.0 297.0 
1559.0 304.0 
1551.0 305.0 
1449.0 313.0 
1433.0 319.0 
1426.0 324.0 
1364.0 328.0 
1355.0 339.0 
1321.0 346.0 
1320.0 348.0 
1304.0 355.0 
1298.0 356.0 
1292.0 358.0 
1262.0 361.0 
1257.0 362.0 
1251.0 363.0 
1250.0 369.0 
1242.0 376.0 
1244.0 370.0 
1224.0 388.0 
1221.0 391.0 
1215.0 392.0 
1213.0 395.0 
1214.0 394.0 
1211.0 397.0 
1208.0 398.0 
