124.0 25.0 9.0 22.0 
119.0 22.0 3.0 26.0 
110.0 28.0 8.0 22.0 
107.0 24.0 5.0 25.0 
92.0 30.0 7.0 27.0 
93.0 22.0 5.0 27.0 
84.0 24.0 6.0 29.0 
97.0 24.0 4.0 26.0 
95.0 18.0 2.0 32.0 
87.0 23.0 5.0 32.0 
88.0 21.0 3.0 34.0 
89.0 20.0 3.0 33.0 
140.0 25.0 7.0 23.0 
143.0 31.0 5.0 23.0 
127.0 26.0 6.0 23.0 
120.0 29.0 7.0 23.0 
127.0 20.0 4.0 26.0 
88.0 25.0 4.0 31.0 
60.0 53.0 14.0 44.0 
54.0 53.0 16.0 44.0 
55.0 51.0 15.0 46.0 
98.0 31.0 10.0 25.0 
94.0 44.0 12.0 26.0 
81.0 28.0 6.0 28.0 
80.0 30.0 6.0 29.0 
73.0 45.0 9.0 31.0 
74.0 29.0 8.0 29.0 
80.0 28.0 7.0 34.0 
74.0 29.0 7.0 31.0 
67.0 43.0 9.0 34.0 
67.0 37.0 13.0 34.0 
75.0 29.0 4.0 32.0 
76.0 27.0 6.0 36.0 
68.0 37.0 10.0 35.0 
72.0 32.0 5.0 36.0 
70.0 29.0 6.0 33.0 
66.0 36.0 8.0 37.0 
67.0 35.0 10.0 39.0 
69.0 32.0 7.0 37.0 
171.0 20.0 3.0 26.0 
111.0 20.0 5.0 24.0 
115.0 22.0 8.0 23.0 
98.0 19.0 3.0 27.0 
102.0 21.0 6.0 26.0 
101.0 15.0 1.0 27.0 
98.0 16.0 1.0 28.0 
92.0 19.0 3.0 28.0 
97.0 17.0 1.0 30.0 
118.0 25.0 0.0 44.0 
81.0 26.0 8.0 31.0 
90.0 19.0 2.0 31.0 
85.0 22.0 4.0 33.0 
83.0 25.0 7.0 34.0 
81.0 26.0 5.0 33.0 
86.0 21.0 4.0 33.0 
130.0 27.0 0.0 37.0 
169.0 25.0 6.0 23.0 
124.0 27.0 8.0 20.0 
122.0 38.0 15.0 21.0 
120.0 45.0 26.0 19.0 
107.0 90.0 68.0 23.0 
108.0 57.0 36.0 23.0 
109.0 24.0 4.0 25.0 
103.0 24.0 6.0 24.0 
99.0 25.0 6.0 24.0 
143.0 26.0 10.0 21.0 
147.0 30.0 14.0 18.0 
129.0 31.0 15.0 19.0 
122.0 27.0 6.0 22.0 
103.0 25.0 4.0 25.0 
107.0 24.0 3.0 26.0 
