201.0 166.0 
229.0 149.0 
222.0 156.0 
239.0 139.0 
435.0 119.0 
304.0 129.0 
216.0 161.0 
670.0 103.0 
539.0 111.0 
293.0 132.0 
488.0 116.0 
513.0 114.0 
292.0 133.0 
701.0 102.0 
566.0 109.0 
724.0 100.0 
489.0 115.0 
213.0 163.0 
750.0 99.0 
596.0 108.0 
619.0 107.0 
274.0 135.0 
273.0 136.0 
225.0 154.0 
260.0 137.0 
257.0 138.0 
1675.0 60.0 
1083.0 82.0 
996.0 84.0 
925.0 88.0 
1432.0 69.0 
1519.0 66.0 
1573.0 64.0 
1368.0 72.0 
1165.0 80.0 
1108.0 81.0 
1293.0 75.0 
1243.0 76.0 
386.0 123.0 
970.0 86.0 
1378.0 71.0 
857.0 92.0 
479.0 118.0 
630.0 106.0 
1330.0 73.0 
766.0 98.0 
1482.0 67.0 
1297.0 74.0 
1540.0 65.0 
417.0 121.0 
893.0 90.0 
1648.0 61.0 
1617.0 62.0 
1401.0 70.0 
842.0 93.0 
813.0 95.0 
1216.0 77.0 
1459.0 68.0 
1189.0 78.0 
654.0 104.0 
946.0 87.0 
810.0 96.0 
787.0 97.0 
1594.0 63.0 
396.0 122.0 
1168.0 79.0 
872.0 91.0 
633.0 105.0 
979.0 85.0 
355.0 125.0 
