0,1.0,1.1
2,3.2,3.3,4.4,4.5,4.6,4.7,4.8,5.9,6.10
7,8.11,8.12,8.13,9.14,9.15,3.3,3.16,10.17,10.18,10.19,11.20
12,13.21,14.22,14.23,14.24,14.25,14.26,14.27,14.28
15,16.29,16.30,16.31,16.32,16.33,16.34,16.35,16.36,17.37,3.2,3.3,3.16,18.38,18.39,19.40,19.41,20.42
21,22.43,3.3,23.44,23.45,23.46,23.47,24.48,10.17,25.49,25.50,26.51
27,22.43
28,3.16
29,3.3,30.52,19.40,31.53,32.54
33,
34,22.43,3.2,3.3,35.55,35.56,35.57,35.58,35.59,35.60
36,37.61,37.62,37.63
38,8.64,3.2,3.3,14.65,39.66,39.67,39.68,40.69,40.70
41,22.43,22.71,42.72,43.73,10.18,44.74,25.75,25.76,25.77
45,22.71,11.78,11.79,11.80
46,3.2,3.3,3.81,47.82
48,3.3,49.83
30,22.43,3.3,50.84,19.85,51.86,51.87,51.88
52,53.89,53.90,53.91,53.92,53.93,54.94,54.95,55.96
56,22.71,57.97,57.98,50.84,10.18,58.99,58.100,58.101,58.102,58.103,58.104
59,22.43,13.105,44.106,11.107,11.80,60.108,60.109,60.110,60.111,60.112,60.113,60.114,60.115,60.116,60.117
61,3.3
42,22.43,3.2,3.3,62.118,62.119,50.84,50.120,63.121,63.122,63.123,63.124,10.125,64.126
65,3.2,66.127,5.9,5.128,5.129,5.130,5.131,5.132,5.133,6.134
55,22.43,22.71,3.2,33.135,30.136,30.137,30.138,30.139,30.52,67.140,19.141,51.86,51.142,68.143,68.144
69,70.145,70.146,70.147,71.148,71.149,9.15,3.3
72,22.43,20.42,20.150,20.151,20.152,55.153
73,3.2,3.154,3.3,74.155,75.156,76.157,77.158,78.159,78.160,78.161,79.162,30.139,19.163,19.141,19.85,19.164,55.96,80.165,80.166,80.167,80.168,43.169,81.170,11.20,11.80,82.171,82.172,82.173,82.174,82.175,82.176,82.177,82.178,82.179,82.180,82.181,82.182,82.183,82.184,82.185,82.186,82.187,83.188,83.189,83.190,83.191,83.192,84.193,85.194,64.126
86,8.11,8.12,8.13,9.15,3.2,3.3,3.16,87.195,87.196,87.197,87.198,87.199,88.200,88.201,88.202,88.203,88.204,88.205
89,22.43,22.71,3.154,3.3,3.81,19.85,81.206
90,22.71,20.207
91,68.208
81,22.43,71.148,9.14,92.209,92.210,3.2,3.3,3.211,3.81,3.16,93.212,94.213,94.214,94.215,94.216,74.155,50.120,14.65,95.217,95.218,64.126
96,97.219,16.220,16.29,16.30,16.221,16.222,16.223,16.33,16.34,16.224,16.225,17.37,17.226,8.64,9.15,92.209,92.210,3.2,3.3,3.16,54.227,98.228,98.229,98.230,98.231,98.232,99.233,99.234,43.235,10.236,100.237,101.238
102,3.3
103,70.145,3.3,104.239,105.240,105.241,105.242,105.243
11,22.71,3.3,50.84,19.244,19.85,43.245,14.246,14.65,105.242,10.247,51.86,106.248,107.249,107.250,107.251
108,3.3,1.0,1.1,109.252,109.253,109.254,110.255
111,
112,
113,22.71,70.145,70.146,70.147,3.3
47,3.2,3.3,114.256
115,3.3,116.257
117,
118,22.43,22.71,3.3,30.139,19.258,19.141,19.85,19.164,19.41,80.259,80.260,80.261,80.262,119.263,11.107,11.20,11.80,95.217,95.218,120.264
121,22.71,71.148,71.149,9.15,3.3,11.78
122,3.3,123.265,123.266,124.267
125,22.43,3.3
106,22.43,105.243
126,3.2,3.154,3.3,3.81
127,
128,129.268
130,71.148,71.149,3.3
131,92.210,3.3,132.269,132.270,132.271,133.272
134,3.3,3.16,135.273,135.274,135.275,135.276,135.277,135.278,136.279,136.280,137.281,138.282
77,22.43,3.2,3.3,78.283,78.284,79.162,79.285,80.259,11.20,82.286,82.287,82.173,82.179,82.180,82.181,82.183,82.288
139,140.289,64.290,141.291
142,3.3,3.81,143.292,143.293,144.294
44,9.14,3.2,3.3,93.212,94.295,74.155,62.296,62.297,50.84,50.120,145.298,81.299,81.300,81.301,81.302,119.303,119.304,119.305,119.306,119.263,119.307,119.308,119.309,119.310,119.311,119.312,11.313,68.314,68.315,68.316,146.317,64.290,64.126
147,22.43,68.318
4,3.2,3.3,3.81,3.16,64.319,35.59
101,22.43,71.148,3.3,94.295,148.320,53.321,53.322,149.323,50.84,50.120,150.324,151.325,152.326,152.327,153.328,98.228,98.229,98.230,81.329,37.330,37.61,14.331,10.332,10.333,10.334,10.335,10.336,10.337,10.338,10.339,10.340,10.125,10.341,10.342,10.343,10.344,100.345,100.346,100.347,100.348,100.237,100.349,100.350,100.351,100.352,100.353,100.354,100.355,100.356,100.357,119.307,119.308,44.358,154.359,154.360,154.361,155.362,155.363,155.364,156.365,156.366,156.367,156.368
157,3.3,3.16,4.6
158,22.43,3.2,3.3,146.369,159.370,159.371,159.372,159.373,114.374
160,3.3,161.375,20.376,20.377,20.378,20.379,20.380,20.207,162.381
163,129.268
164,3.3,125.382,19.383,19.384,19.385
98,22.43,22.71,19.383,19.385,19.85,20.376,20.377,20.378,20.379,99.386,99.387,99.388,99.389,99.390,99.234,99.391,100.345,100.350,25.392
165,22.43,22.71,3.2,20.207,43.235,10.393
166,3.3
167,3.3
168,3.2
62,9.14,81.394,119.307,119.308,44.395,44.396,44.106,44.397,44.398,44.399,44.400
169,22.43,22.71,33.401,19.85
170,3.2,3.3
31,3.3,32.402,32.403
171,
172,173.404,3.2,3.3
174,3.3,74.155
175,22.43,8.64,8.11,8.12,8.405,8.13,3.2,3.3,3.16,176.406,177.407,178.408,178.409,179.410
180,71.148,3.3,74.155,43.73,81.206
138,22.43
51,22.43,3.81,106.411
181,3.3,7.412,7.413,182.414,182.415,182.416,182.417,133.272,183.418,183.419,183.420
184,22.43,97.421,97.422,97.219,97.423,16.29,16.30,16.424,16.425,16.33,16.426,16.427,16.35,16.428,16.429,16.430,9.14,9.15,3.2,3.3,3.81,3.16,185.431,40.432,146.433,146.434
186,187.435,187.436,187.437,187.438,187.439,187.440,187.441,187.442,187.443,187.444,187.445,187.446,187.447,187.448,187.449,187.450,187.451,187.452,187.453,187.454,187.455
188,3.456
189,13.457,81.458,81.459
190,53.460,52.461,52.462,52.463,52.464,80.260,155.364
191,3.3
192,22.43
193,3.3
57,149.465,149.466,81.394,10.338,10.467,10.125,10.468,187.469,187.470,187.471,187.435,187.439,187.451,187.453,187.454,194.472
149,17.473,17.37,17.474,3.2,3.3,93.212,94.295,94.214,94.216,74.155,50.84,19.40,43.475,43.476,43.477,43.478,81.301,81.329,14.65,119.479,11.107,11.313,11.20,146.480,158.481
195,
196,3.154,19.384,19.385,19.85,146.482
197,22.43,3.2,3.154,3.3,3.81
109,3.2,3.3
198,3.3,125.483
199,71.148,3.3
200,173.484,3.3,3.16,177.485,177.407
92,22.71,201.486,28.487,3.3
202,22.71
203,81.488,167.489
204,3.3,19.383,19.384,19.385,31.490,31.491,31.492,31.493,205.494,32.495,32.403,32.54
206,
207,3.3
208,8.11,8.405,8.13,3.3,122.496,122.497,209.498,209.499,209.500,209.501,210.502,211.503,211.504,211.505,212.506
213,22.71,3.3
214,3.3,215.507,215.508,216.509
217,3.2,3.3,148.320,4.510,4.511
218,50.120,161.512,43.513,81.459,10.514
219,22.71,11.78,11.515,11.80
220,3.2,3.3,3.16,221.516,221.517,221.518,221.519,221.520,221.521,222.522,223.523,224.524,224.525,183.419,183.526,183.527,225.528,225.529,225.530,225.531,225.532,225.533,225.534,226.535,227.536
1,3.3
228,22.43,3.2,3.154,3.3,3.81
107,3.2,3.3,11.107,11.20,11.80,146.434
229,8.64,3.2,3.3,18.537,18.38,18.39,4.538,6.539,2.540,230.541,231.542,64.543,64.544
232,22.43,22.71,3.211,50.545,33.546,33.135,233.547,233.548,20.549,20.42,20.152,20.550,234.551,234.552,234.553
235,71.148,71.149,9.14,9.15,3.2,3.3,93.212,93.554,148.320
236,3.3,216.509
237,3.3,3.81,66.127
238,3.3,3.16,123.265
239,22.71,3.3,11.555,11.556,11.20
240,8.64,3.2,3.154,148.320,19.85,105.242,105.557,146.434
241,161.558,242.559,242.560,162.381
243,132.561,132.269,132.562,132.563,132.564,132.270,132.271,132.565,132.566,132.567,132.568
244,135.273,135.274,135.275
245,3.2,246.569
247,3.3,5.9,5.570,5.128,6.134
110,22.43,3.3
248,
249,3.3,250.571,250.572,250.573,250.574,250.575
251,13.576
252,253.577
254,22.43
255,22.43
256,22.71,3.3,11.78,11.555,11.556
257,22.43,22.71,3.3,19.85,81.206
253,17.37,20.376,20.377,20.378,14.578,258.579
226,3.16,20.580,119.303,119.306,119.263,119.311,259.581,259.582
260,3.16,224.583,224.584,224.585,261.586,132.561,132.269,132.270,132.565,132.567,132.568,146.317,64.126
262,22.43,22.71,81.587
263,3.2,4.588,4.589,6.590,2.591,158.592,64.593,141.594
264,22.43,22.71,8.64,3.3,20.376,20.377,20.378,20.379,99.386,99.388,99.390,99.595,99.391,99.596,55.597,55.598,55.96,80.259,80.599,80.260,100.345,100.349,100.350,100.353,100.600,265.601,265.602,265.603,11.107,11.313,11.604,25.392
266,3.3,231.605,64.543,141.594
267,22.43,19.85,80.260,81.170,11.20,11.80
268,3.2,3.3,13.606,13.21,13.607,43.73,43.608
269,270.609
271,3.3,13.105,161.512,81.329,10.236,32.403,32.610
272,3.2,3.3,200.611,200.612,110.613
105,22.43,8.64,8.11,8.12,8.405,8.13,3.2,3.3,3.16
177,173.614
273,92.209,92.210,3.3,7.615,133.272,274.616,274.617,274.618,274.619,274.620
275,22.43
162,3.3
276,22.43,71.148,3.3,3.16,19.383,19.384,19.385,19.40,123.266,277.621,135.275,278.622,279.623,279.624,280.625,281.626,212.506,244.627,282.628,110.255
283,284.629,285.630,285.631,285.632,285.633,285.634,285.635,286.636,286.637,286.638,287.639,20.580,10.640
209,3.3
288,3.3,216.641,116.642
289,22.43,19.244,19.258,19.643
290,55.96,81.329,10.644,68.645,68.316,224.583,224.584,224.585,274.646,274.616,274.617,274.647,274.648,274.649,274.650,274.651,274.619,274.620,274.652,274.653,274.654,274.655,146.317
40,97.656,92.209,92.657,92.658,92.210,3.3,18.659,18.39,74.155,19.40,14.65,39.66,185.431,142.660,142.661,142.662,198.663,198.664,198.665,198.666,143.292,143.293
291,9.15,3.2,3.3,263.667,263.668,263.669,263.670,263.671,292.672,47.673,47.82
293,3.211
294,3.2
265,3.3,50.84,10.17,10.18,100.600,101.674,101.675,101.676,11.20,68.677,68.678
295,
296,30.679,19.85,20.377,20.378,20.150,20.550,55.153,55.96,297.680,297.681,297.682,10.683,10.640,187.469,187.470,187.471
298,193.684
299,22.71,3.2,3.3,74.155,57.98,43.478,81.685,11.20,300.686,300.687,58.688,58.689,58.690
301,148.320,302.691,302.692,302.693,212.694,212.695,303.696,303.697,303.698,303.699,303.700,303.701,303.702,303.703
14,22.43,22.71,71.148,9.14,3.2,3.154,3.3,3.211,3.81,3.16,196.704,149.705,50.84,50.120,19.164,43.73,81.299,81.706,146.433,146.317,64.126
304,3.16,305.707,88.200,88.708,88.202,88.709,88.204,197.710
306,3.3
307,22.43,92.209,92.711,92.210,92.712,3.3,149.705,19.40,19.85,145.713,55.598,80.599,43.475,43.476,43.714,43.715,43.716,43.717,43.718,43.719,43.608,43.245,43.720,43.721,43.478,43.722,14.246,14.65,10.723,10.724,101.725,11.107,11.313
308,22.71,20.207
173,22.43,16.726,309.727,92.209,92.210,310.728,3.3
311,3.3
312,158.729
313,22.43,8.64,3.2,3.16,314.730,314.731,50.84,50.120,315.732,315.733,315.734,315.735,315.736,315.737,315.738,315.739,315.740,315.741,315.742,315.743,315.744,315.745,43.73,119.308,119.746,44.747,11.20,25.748,25.749,25.75,25.77,64.126
287,22.43,148.320
316,3.3,281.626
317,3.2,158.592,197.750,64.751
318,22.43,92.711,92.752,3.16,19.85,14.753,135.273,135.754,135.277,136.280
319,22.43
320,30.139,19.164,145.755,55.153,321.756,321.757,321.758,321.759,80.760,119.306,60.111,60.113
141,3.2,3.154,3.3,3.81
321,3.2,3.3,62.118,30.139,19.384,19.385,145.761,145.762,145.763,145.764,145.755,55.153,80.259,80.168,43.73,14.65,14.753,119.307,119.308,11.107,11.20,11.80,60.108,60.110
201,92.209,3.3,148.320
322,22.43
285,8.11,8.12,8.13,9.15,3.2
323,22.43
324,3.2,3.3,51.765,68.208,110.255
205,17.766,17.37,17.474,9.14,3.2,3.3,94.213,94.216,19.383,19.384,19.385,19.40,19.163,19.767,20.376,20.377,20.378,20.379,43.716,43.478,170.768,246.569,91.769
325,141.594
326,22.71,20.770,20.379,20.771,20.152,10.683
179,22.43,70.145,70.146,70.147,70.772,3.3,3.16,200.611,200.773,200.612,200.774,200.775,148.320,177.485,177.407,283.776,283.777,283.778,283.779,283.780,283.781,283.782,175.783,175.784,175.785,175.786,175.787,175.788,175.789,175.790,175.791,175.792,175.793,175.794,175.795,175.796,175.797,175.798,175.799,175.800,175.801,175.802,175.803,175.804,175.805,175.806,175.807,175.808,175.809,175.810,327.811,327.812,327.813,250.571,250.572,250.573,250.574,250.575,49.83,328.814,48.815,329.816,20.580,55.817,55.96,81.299,10.640,68.818,64.126,276.819,276.820,276.821,281.626,212.506,244.627,244.822,244.823,110.255
23,22.43,9.14,3.2,3.16,330.824,50.120,13.825,13.826,13.827,13.105,13.828,161.829,161.558,331.830,331.831,332.832,10.833,10.339,10.834
333,
50,3.16
334,3.3,57.835,57.836,19.40,19.85,55.96,11.107,11.313,187.469,187.470,187.471,187.454
335,9.14,9.15,3.2,3.3,3.16,172.837
35,3.2,3.3,64.290,336.838
337,122.839
223,330.824,330.840,338.841,339.842
340,22.71,3.3,11.515,11.79
234,50.545,233.547,233.548
341,3.2,335.843,335.844,335.845,229.846,229.847,15.848,15.849,15.850
9,8.64,3.3
10,22.43,22.71,70.145,70.146,71.148,17.851,17.226,9.14,9.15,3.2,3.3,93.212,94.295,94.852,94.213,94.214,94.216,330.853,330.824,330.840,149.854,149.465,149.323,50.84,13.105,161.855,331.830,165.856,20.376,20.377,20.378,20.580,20.207,43.476,43.857,43.477,81.394,81.858,81.859,81.329,14.65,342.860,342.861,342.862,342.863,342.864,342.865,105.242,11.107,11.20,11.80,82.179,82.180,82.866,82.867,82.868,82.869,68.143,68.144,68.870,68.871,68.208,68.677,68.872,156.873,156.874
70,22.71,9.14,9.15,3.3
343,22.71,19.40,19.163,19.767,19.85
344,3.3,284.875,284.876,284.877,284.878,284.629,284.879,284.880,284.881,284.882,284.883,284.884
278,71.148,3.3,135.885,135.273,135.274,135.275,135.276,135.754,345.886,276.887,281.626,212.506,212.888
87,3.2,305.889
346,17.37,92.209,92.210,3.2,3.3,18.890,18.38,18.39,30.891,14.65,347.892,347.893,39.66,39.894,39.67,39.895,39.68,231.896,185.897,40.898,40.69,40.899,40.70,198.663,198.664,198.665,198.666
348,100.345,100.346,100.347,100.348,100.900,100.237,100.901,100.349,100.902,100.350,100.351,100.352,100.353,100.600,100.354,100.355,100.903,100.356,100.357
135,22.43,3.3,125.382,276.887,281.626,212.506
349,3.2,3.154,3.3,78.161,19.385,19.85,19.164,19.41,20.150,20.770,20.771,20.380,20.207,20.904,10.338,11.80,82.174,82.175,82.177,82.181,82.182,82.183,82.184,82.186,350.905,350.906,83.188,83.190,83.191,351.907,85.194
352,22.43,22.71,3.211,3.16,54.908,54.909,54.910,54.911,50.120,81.394,14.65,10.236,10.640,100.352,68.677
194,71.148,9.14,9.15,3.2,3.3,149.323,186.912,186.913,186.914,186.915,186.916,186.917,186.918,186.919,81.329,10.342,353.920,353.921,187.469,187.470,187.471,187.435,187.436,187.437,187.438,187.439,187.440,187.441,187.442,187.443,187.445,187.448,187.449,187.450,187.451,187.452,187.453,187.454,187.455
124,3.3,208.922,208.923
84,3.3,14.65,14.331,11.20
176,71.148,71.149,9.14,9.15,173.614,3.2,3.3,148.320
354,3.3,328.814
355,
356,53.321,54.909,190.924
258,
357,5.570
358,3.3
359,3.3,50.120,81.170
185,3.3,142.660,198.663,198.664,198.665,198.666
116,3.3,360.925
361,4.6,47.82
362,3.2,3.3,3.16,181.926,181.927,181.928,363.929,182.930,182.931,182.415,182.932,182.933,182.416,133.272,133.934,183.419,183.935,183.526,183.527,364.936
365,288.937,288.938,288.939,288.940,288.941
120,3.3,11.20,366.942
114,3.2,3.3,141.291,336.838
39,97.656,92.209,92.657,92.658,92.210,3.2,3.3,19.40,367.943,5.9,6.944,6.134,184.945,184.946,368.947,368.948,347.949,231.950,231.951,231.952,231.953,231.954,231.955,231.956,231.896,40.957,40.958,198.663,198.664,198.665,198.666
369,3.2,3.3,302.959,302.960,302.961,302.962,302.963,302.691,302.692,302.693,302.964,302.965,302.966,212.506,212.694,212.695
339,22.43,22.71,233.547,233.548,20.967,20.378,20.968,20.969,20.970,20.152,20.971,43.245,10.972,51.86,11.107,11.973,370.974,370.975
371,81.458,81.459,10.976,10.514
8,3.3
372,
17,3.3
215,3.3
373,22.43,20.150,20.550,55.153,55.817,81.858
305,3.2
374,22.43,3.2,3.154,3.3,3.81
212,22.43,3.2,3.3,125.977,14.753,123.978,135.274,375.979,193.980,281.626,270.609,109.252,109.253,109.981,376.982
53,22.43,3.2,3.3,54.908,54.227,54.909,54.911,149.465,50.120,81.394,81.983,81.459,10.338,10.984,10.467,10.125,10.468,10.985,68.986
24,22.43,3.2,3.3,23.46,23.47,21.987,25.49,25.50,26.51
377,22.43,9.14,3.2,3.154,3.3,57.988,57.98,57.989,19.40,20.42,20.379,20.380,20.152,20.207,55.153,10.683,187.438,187.452
378,22.43,3.2,305.990,305.889,305.991,305.992,158.993,159.994,159.370,159.373,140.289
379,
54,3.3,81.299,10.834,100.346,100.237,100.349,100.355,100.356,101.995,68.143,68.144
94,22.43,22.71,380.996,381.997,382.998,382.999,382.1000,71.148,71.149,17.37,8.11,8.12,8.13,9.14,9.15,173.1001,3.3,93.212,93.554
383,
25,100.345,100.349,119.303,119.307,119.308,119.309
151,54.908,54.1002,384.1003,384.1004,68.143,68.144
385,9.14
386,22.43,22.71,42.72,43.73,10.236,10.17,44.74,25.75,25.76,25.77
387,54.908,54.1002,388.1005,388.1006,388.1007,154.360,68.314
388,8.64,3.3,93.212,94.214,94.216,74.155,54.94,54.908,149.1008,50.84,81.301,14.65,10.338,10.340,10.344,100.345,100.237,100.349,101.1009,101.1010,44.747,68.314,68.818
389,30.891,30.139,80.1011,80.259,80.165,80.760,80.1012,80.1013,80.1014,80.166,80.167,80.1015,80.1016,80.1017,11.107,11.80
227,330.824,330.840,338.841,339.842
13,9.14,149.1018,149.1019,81.299,81.394,81.858,81.1020,81.1021,51.1022
390,17.766,17.37,9.15,3.2,3.3,3.16,20.376,20.377,20.378,20.968,20.580,20.379,20.207,10.236,205.1023,205.1024,205.1025,205.1026,91.769
99,22.43,3.3,54.1027,54.908,54.1028,54.911,50.545,30.1029,98.1030,98.232,20.42,20.150,20.379,20.970,20.152,20.550,55.153,55.817,43.721,81.170,10.338,100.345,100.349,100.353,100.600,265.601,265.1031,265.1032,44.747,11.107,11.313,11.604,25.749
391,3.2,3.3,3.16,4.6
144,3.3,142.1033,111.1034,111.1035
224,9.15,3.3,81.587,132.270,274.619
392,8.11,8.12,8.13,3.3
297,8.64,3.3,57.988,57.835,57.989,30.891,30.52,19.384,19.385,20.379,20.152,20.207,55.1036,55.597,55.598,43.235,14.65,334.1037,334.1038,187.469,187.470,187.471,187.435,187.454,194.1039
393,3.2,3.3,3.81
3,
85,8.64,3.2,3.3,74.155,75.1040,75.156,76.157,78.159,78.160,78.161,78.1041,78.1042,78.1043,78.1044,78.1045,73.1046,394.1047,81.170,81.301,10.338,10.1048,11.556,11.20,95.217,95.218,82.171,82.174,82.175,82.176,82.177,82.178,82.179,82.180,82.181,82.182,82.183,82.866,82.867,82.185,82.868,82.869,82.187,68.143,68.144
395,4.510,47.82
396,3.2,66.127,5.9,5.129,5.130,5.131,6.944
123,22.43,3.3,149.705,43.73,156.1049,156.1050
397,16.31,16.1051,3.3,18.890,18.38,18.39,20.150,55.1052,55.1036,55.597,55.96,10.640,265.1053,265.602,265.603,154.360,154.361,68.208,38.1054,38.1055,170.1056
398,22.43,22.71,3.2,53.322,54.910,10.236,10.17,100.352,25.1057,25.76,25.392,68.677
399,129.268
259,3.3,3.16,225.1058
400,3.3,401.1059,14.65
402,155.363,155.1060,155.1061,155.364
403,3.81
404,3.16,87.195,87.196,87.197,87.198,87.199,86.1062,86.1063,86.1064,86.1065,88.202,304.1066,304.1067,304.1068,304.1069,304.1070,304.1071,197.710
277,71.148,3.3,135.885,135.273,135.274,135.275,135.754,345.886,276.887,281.626,212.506,212.888,27.1072
405,22.43,76.157,119.308,60.108,60.109,60.1073,60.111,60.112,60.113,60.114,60.115,60.116,60.117
406,154.360,154.361,154.1074,154.1075
161,9.14,81.394,10.1076,10.1077,10.1078,10.1079,10.1080,68.144
407,92.657,92.658,3.3,74.155
408,
409,22.43,22.71,9.14,53.1081,53.322,53.1082,53.460,54.909,54.910,54.1083,52.1084,52.464,50.84,50.120,33.546,33.1085,33.401,233.547,233.548,10.1086,10.834,100.352
331,9.14
410,
411,9.14,3.3,93.212,94.295,94.214,94.216,152.326,152.327,43.477,10.834,10.344,100.346,100.900,100.237,100.356
80,22.43,22.71,3.2,3.3,30.139,30.52,19.244,19.85,55.1036,55.1087,43.513,43.245,81.458,51.87,11.20,11.80,120.1088,120.264
412,3.3,125.977
413,3.3,20.376,20.377,20.378,10.644,290.1089,222.1090,223.1091,224.1092,224.584,224.1093,224.1094,274.616,274.647,274.648,274.649,274.650,274.651,274.619,274.652,274.653,273.1095,226.1096,227.1097
414,
367,3.3,66.127,415.1098,415.1099,415.1100,415.1101,415.1102,415.1103
300,3.3,10.1104,58.1105
133,9.14,3.2,43.718,10.17,224.1092,224.524,224.584,224.585,224.525,132.561,132.269,132.563,132.270,132.271,132.565,132.567,132.568,416.1106,416.1107,416.1108,416.1109,417.1110,417.1111,418.1112,418.1113,419.1114,419.1115,274.1116,274.646,274.616,274.617,274.1117,274.618,274.647,274.648,274.649,274.650,274.651,274.619,274.620,274.652,274.653,274.654,274.655,273.1118,273.1119,273.1120,273.1095,420.1121,420.1122,131.1123,131.1124,131.1125
421,9.14,81.394,119.303,119.306,119.263,119.307,119.308,119.309,119.479,119.1126,119.311,119.312,44.395,44.396,44.106,44.397,44.398,44.399,44.400
351,8.64,3.2,3.3,93.212,94.852,94.214,94.216,74.155,78.161,78.1041,81.170,81.301,14.65,10.338,10.247,10.19,10.972,82.171,82.174,82.175,82.177,82.178,82.181,82.182,82.183,350.905,350.1127
375,22.43,3.3,148.320,270.609
422,3.3,5.9,5.570,5.128,6.134
136,3.3,3.16,135.1128,135.274,135.276,135.754,135.277,135.1129,135.278,147.1130,147.1131,276.887,281.626,212.506
423,3.3
424,22.43,3.2,42.72,43.73,25.75,25.77,26.51
425,20.376,20.377,20.378,20.379,20.207,32.403,32.610
246,3.2
426,22.43,19.163,19.1132,55.153,80.259,80.166,289.1133,289.1134
221,3.2,3.3,55.96,7.412,7.413,224.525,183.418,183.419,183.420,225.1058,225.1135,225.530,225.1136,225.531,225.1137,225.1138,225.534
427,3.3,141.1139
416,92.210,3.3,132.269,132.270,132.271,133.272
428,22.43,44.1140,44.1141,44.1142,68.872,60.108,60.109,60.1073,60.111,60.112,60.113,60.116,60.117
429,288.937,288.938,288.939
60,22.43
430,376.982
68,22.43,22.71,3.2,3.3,93.212,94.295,94.214,94.216,74.155,149.705,149.1143,13.21,13.105,13.828,189.1144,189.1145,189.1146,67.140,19.384,19.385,19.163,20.770,20.379,20.152,20.904,55.153,55.1147,55.96,43.73,43.513,43.857,81.299,81.458,81.1020,81.301,14.65,10.1086,10.683,10.1148,119.263,11.107,11.20,11.80,82.179,82.180,82.866,82.867,82.868,82.869,156.1149,146.317
242,3.3,400.1150,13.1151,13.826,13.1152,13.1153,13.827,13.105,331.830,348.1154,332.1155,332.1156,332.832,14.65,431.1157,10.833,10.1158,100.345,100.237,100.349,100.353,100.600,100.903,68.143,68.144
394,22.43,22.71,3.2,3.3,50.545,30.139,233.547,233.548,19.141,19.85,19.164,19.41,20.378,20.968,20.549,20.969,20.150,20.380,20.971,55.153,55.96,80.259,80.760,80.260,80.1159,80.1160,43.245,10.338,10.514,11.107,11.20,11.604,11.80,118.1161,118.1162,118.1163,118.1164,118.1165
432,183.1166,183.1167,183.935
150,54.1002,384.1003,384.1004,384.1168
433,3.3,215.507,215.508,116.257
26,161.558,161.1169,161.1170
434,92.209,7.615
178,8.11,8.405,8.13,9.14,9.15,3.2,18.38,18.39,18.1171,175.784,175.785,175.786,175.1172,175.802,175.803,175.804,175.1173,175.1174,175.1175,175.1176,175.1177,19.40,20.376,20.377,20.378,20.379
435,4.510
129,436.1178
437,3.3,5.1179,5.570,5.128,5.1180,5.1181,5.1182,5.129,5.130,5.131,5.1183,5.132,5.133,6.134
438,22.43,22.71,3.3,53.1184,53.322,54.910,356.1185,356.1186,356.1187,190.1188,11.20,25.1057,25.392,68.872
439,22.43,112.1189,112.1190,112.1191,112.1192
440,3.2,3.3,3.16,94.213,94.214,94.215,94.216,200.611,200.612,200.1193,200.775,149.1008,19.40,19.85,99.1194,55.96,264.1195,264.1196,264.1197,14.65,14.753,10.338,10.1148,100.351,100.353,100.600,100.354,265.1198,265.602,265.603,101.1199,119.304,119.306,11.20,11.973,154.360,302.692,302.693,238.1200,412.1201,412.1202,412.1203,412.1204,412.1205,412.1206,212.506,303.696,303.700,303.701,303.702,303.703
441,302.963,302.691,302.692,302.693,212.694,212.695,303.696,303.697,303.698,303.699,303.700,303.701,303.702,303.703
360,22.43
327,22.43,71.148,3.3,148.320,276.820,0.1207
442,3.3,57.1208,20.207,55.96,297.680,187.469,187.470,187.471
332,3.3,68.143,68.144
261,3.16,74.155,55.817,55.96,68.677,224.1209,224.1210,132.270,132.565,132.568
443,22.71,3.2,3.3,141.1211,114.256,114.1212,114.1213,114.374,114.1214
211,8.64,9.15,3.2,3.3,125.977,175.783,175.804,175.1176,250.574,398.1215,55.96,14.753,10.1216,10.236,100.345,100.353,124.1217,32.1218,32.403,32.1219
233,22.71
444,3.2,3.3,3.211,3.16,50.120,11.78,11.107,11.20,11.80,146.482
445,22.43,22.71,53.321,53.322,54.910,50.84,10.236,10.17,100.352,25.1057,25.76,25.392
384,3.3,3.211,93.212,54.94,54.909,149.1008,19.85,55.96,10.1220,10.340,100.345,100.348,100.237,100.349,100.351,100.352,100.354,100.355,44.1221,68.314
280,3.2,11.20,11.973,11.80,11.1222
446,235.1223,3.3,20.376,20.377,20.378,10.644,363.1224,132.561,132.563,132.270,132.565,132.567,132.568,416.1109,364.1225
302,3.2,3.3,3.16,238.1200,412.1201,412.1226,412.1202,412.1204,412.1205,303.1227,303.1228,303.1229,303.1230,303.1231,303.1232
18,22.43,28.487,16.221,16.425,16.33,16.427,16.1233,381.1234,381.997,381.1235,381.1236,382.999,17.37,173.1001,3.2,3.3
16,22.43,173.1237,3.2,3.3,3.211,93.212,447.1238
376,3.3,135.1128,135.273,135.274,135.277,135.278,138.282,138.1239
363,3.3,3.16,74.155,20.580,133.272,133.934
43,22.43,3.2,3.3,93.212,149.705,149.465,50.120,307.1240,19.40,81.299,81.1241,81.1242,81.1243,81.1244,81.1245,81.858,81.1246,81.706,81.1247,81.1248,81.1249,81.1250,81.458,81.1251,81.1252,81.1253,81.685,81.1254,81.1255,81.1020,81.859,81.1021,81.301,81.1256,81.329,81.1257,14.1258,14.65,119.306,51.88
448,22.43,22.71,50.545,55.96,10.338
97,3.2,3.3
449,3.3,55.817,55.96,81.206
292,3.2,3.3
140,3.2,3.154,3.3,3.81
67,22.43,22.71,55.96,43.235
231,3.2,3.3,3.211,368.947,368.948
145,22.43,22.71,3.3,42.1259,30.1260,30.138,30.139,30.52,19.85,55.817,55.96,81.299,41.1261,119.303,119.306,119.263,119.307,119.308,119.309,119.312,44.1262,44.396,68.144
450,3.2,74.155,20.1263,20.379,20.152,55.153,297.680,297.682,297.1264,10.338,10.683,187.469,187.470,187.471
364,3.3,20.580
19,22.43,22.71,3.154,3.3,3.81,30.136,30.137,30.679,30.138,30.139,30.52,14.23,14.25,14.26,51.86,51.87
451,
370,22.43,22.71,3.211,50.545,33.546,33.135,339.1265,339.1266,233.547,233.548,19.141,20.549,20.380,234.551,234.1267,234.553,55.153,55.96,10.338,232.1268,232.1269
282,3.3,135.885,135.274,135.275,281.626,212.506
452,
453,3.3,20.376,20.377,20.378,10.644,363.1224,132.561,132.563,132.270,132.565,132.567,132.568,364.1225,420.1121,420.1122,131.1125
88,8.11,8.12,8.13,9.15,3.2,3.3,3.16,305.707,304.1067,304.1270,304.1070,197.710
156,22.43,3.3,330.853,330.824,330.840,149.1018,81.1020,81.1021,37.61,37.62,37.63,10.833,10.1158,100.345,100.346,100.347,100.348,100.900,100.237,100.901,100.349,100.902,100.350,100.351,100.352,100.353,100.600,100.354,100.355,100.903,100.356,100.357,119.303,119.306,119.263,119.309,119.479,119.1126,119.311,119.312,51.1022,154.360,154.361,154.1074,154.1075,68.143,155.363,155.1060,155.1061,155.364
75,82.171,83.189,83.192,83.1271
454,3.81,4.511,325.1272,325.1273
455,22.71,9.14,3.3,33.546,33.135,33.401,19.85,145.1274,55.96,119.307,119.308,44.1275,44.1276,44.1277,64.126
456,22.43,3.2,3.154,3.3,3.81
457,22.43,3.3,135.274,135.276
309,22.43,173.1278,3.3
338,22.43,9.14,3.2,330.1279,50.84,50.120,33.546,33.1085,33.401,10.514,10.1048,25.49,25.76,25.50
458,164.1280
459,22.43,421.1281,421.1282,119.307,119.308,44.747,60.108,60.109,60.110,60.111,60.112,60.113,60.114,60.115,60.116,60.117
315,22.71,9.14,9.15,3.2,3.3,11.107,11.20,11.80,82.179,82.180,82.866,82.867,82.868,82.869
460,3.3,461.1283
462,
222,3.16,20.580,119.303,119.306,119.263,119.311,463.1284,463.1285,463.1286,463.1287
464,8.64,3.3,3.16,55.96,14.753,105.242,105.243,10.1288,68.1289
465,250.572,20.580,10.640
466,22.43,3.2,3.3,378.1290,305.1291,146.433,146.434,158.481,158.1292,158.1293,158.1294,159.370,159.372,159.373
58,3.3,93.212,94.1295,94.213,94.214,94.216,148.320,74.155,57.988,57.1296,57.1297,57.835,57.989,149.465,331.1298,81.170,81.983,81.1020,81.301,10.335,10.338,10.340,10.467,10.125,10.468,10.344,10.985,194.1039
467,22.71
64,22.43,3.2,3.154,3.3,3.81,141.1299
468,
183,3.3
146,22.43,3.2,3.3,158.1300,159.370,159.371,159.372,159.373,64.126
463,3.3,3.16,68.316,133.272,133.934,225.1138,225.534,146.317
469,22.43,22.71,30.679,30.891,30.139
470,97.219,97.423,16.221,16.1301,16.425,3.3
471,22.71,19.40,14.65
78,3.3,79.162,79.285,79.1302,79.1303,82.173,140.289
472,3.3,3.16
473,3.3,3.81,55.153,321.1304,321.1305,80.260,44.747,11.20,118.1161,118.1162,118.1163,118.1165,64.126
474,22.43,20.150,20.379,20.771,20.1306,20.970,81.587
475,22.43,3.2,3.3,76.157,149.1018,77.158,78.283,78.284,78.1307,78.1308,79.1309,79.1302,79.1303,55.1310,80.1159,80.1160,11.555,11.556,11.20,82.1311,82.173,82.174,82.175,82.176,82.181,82.182,82.185,82.187,68.144
314,22.43,3.3,62.297,62.1312,119.307,119.308,44.747,44.106,11.20,60.112,60.117
20,22.43,22.71,3.3,3.16,50.545,339.1266,30.1313,30.891,233.547,233.548,165.856,55.817,55.96,264.1314,43.245,10.1078,10.1080,10.972,51.86,11.107,11.973,232.1315,232.1316,68.144
347,3.3,231.950,198.663,198.664,198.665,198.666
447,
476,3.2,4.511
477,419.1114,419.1115,419.1317,419.1318
478,3.2,3.3,74.155,62.118,62.1319,62.1320,149.465,149.466,50.84,50.1321,50.120,13.826,332.832,43.73,81.299,14.1322,105.242,10.125,119.307,119.308,44.747,25.748,25.749,146.1323,64.126
479,3.2,10.644,260.1324,224.584,224.585,132.269,132.270,132.565,420.1122
216,3.3,360.925
32,17.766,17.37,3.2,3.3,3.16,19.383,19.384,19.385,19.85,20.207,55.1052,55.1036,55.597,55.817,55.96,10.236,11.313,11.20,11.80,162.1325,162.1326,162.381,246.569,390.1327,390.1328,390.1329,205.1330,205.1023,205.1331,205.1024,205.1026,205.1332,91.769
74,3.16
480,3.3,74.155
82,3.3,139.1333,77.1334,78.159,78.1335,78.160,78.161,78.1336,78.1041,78.1337,78.1338,78.1042,78.1043,78.1044,78.1339,78.1045,43.1340,11.555,11.556,11.20
481,53.90,53.91,53.92,53.93,54.94,54.95,19.85
END
0,
2,437.1,253.0
7,
12,
15,252.2,252.3,252.4,253.0
21,
27,
28,
29,
33,64.5
34,35.6,253.0
36,
38,
41,
45,11.7,11.8
46,253.0
48,
30,51.9,253.0
52,
56,
59,
61,
42,
65,253.0
55,30.79,30.80,30.81,169.82,64.5,253.0
69,
72,
73,82.11,82.12,82.13,84.14,84.15,253.0
86,88.16,253.0
89,
90,
91,32.17
81,149.18,359.19,253.0
96,275.20
102,
103,
11,471.21,340.22,202.23,253.0
108,
111,206.25
112,48.26,253.0
113,
47,141.27,253.0
115,96.28,253.0
117,
118,80.29,84.14,84.15
121,
122,
125,
106,
126,253.0
127,
128,129.30
130,
131,434.31,434.32,434.33
134,
77,82.11,82.13
139,
142,253.0
44,
147,136.34,253.0
4,253.0
101,384.58,384.59
157,
158,253.0
160,
163,129.30
164,
98,308.35,99.36
165,
166,
167,
168,
62,
169,51.9,455.37,253.0
170,
31,
171,
172,
174,253.0
175,179.38,179.39,253.0
180,
138,457.40,253.0
51,253.0
181,434.31,434.41,434.32,434.33,494.42,494.43
184,97.44,358.45,253.0
186,
188,
189,
190,
191,
192,
193,
57,
149,64.5
195,
196,
197,253.0
109,253.0
198,333.46,253.0
199,
200,253.0
92,
202,
203,167.47
204,253.0
206,496.48,253.0
207,
208,253.0
213,
214,253.0
217,
218,
219,11.7,11.8
220,221.49,221.50,494.51,494.52,494.53
1,253.0
228,197.54,253.0
107,253.0
229,253.0
232,253.0
235,
236,253.0
237,456.55,64.56,141.27,374.57,253.0
238,253.0
239,340.22
240,64.5,253.0
241,
243,
244,
245,
247,
110,253.0
248,253.0
249,
251,
252,
254,
255,
256,
257,
253,
226,259.60,494.61,494.62
260,494.63
262,51.9,253.0
263,291.64,253.0
264,90.65,99.66,99.67,99.68,99.36,55.69
266,253.0
267,77.70
268,
269,
271,
272,253.0
105,253.0
177,
273,434.31,434.32,434.33
275,
162,
276,457.71
283,
209,
288,253.0
289,
290,494.63
40,253.0
291,263.72,263.73,253.0
293,
294,
265,
295,253.0
296,253.0
298,
299,58.74,58.75,58.76
301,
14,253.0
304,253.0
306,
307,
308,
173,253.0
311,
312,
313,76.77,76.78
287,
316,
317,253.0
318,461.83
319,
320,
141,253.0
321,145.84,473.85,253.0
201,
322,
285,
323,
324,244.86
205,253.0
325,253.0
326,
179,175.87,175.88,175.89,175.90,49.91,253.0
23,
333,142.92,253.0
50,
334,
335,
35,336.93,336.94,253.0
337,
223,463.95,463.96,494.97
340,239.98
234,
341,
9,
10,76.77,149.18,64.5,253.0
70,
343,
344,
278,
87,253.0
346,496.48,253.0
348,
135,441.99,253.0
349,82.11,82.12,82.13,84.14,84.15
352,
194,
124,
84,
176,
354,
355,
356,
258,252.4
357,
358,
359,
185,
116,253.0
361,253.0
362,181.100,181.101,494.53
365,458.102
120,
114,336.93,336.94,443.103,253.0
39,253.0
369,253.0
339,20.104,20.105,20.106,20.107,20.108,370.109,253.0
371,
8,
372,
17,423.24,253.0
215,
373,
305,253.0
374,253.0
212,253.0
53,
24,
377,253.0
378,305.110,305.111,253.0
379,
54,
94,
383,
25,
151,384.59
385,
386,
387,388.112
388,
389,
227,259.60,494.97
13,
390,205.113,253.0
99,373.149
391,
144,253.0
224,494.114
392,
297,296.115,253.0
393,253.0
3,253.0
85,76.77,82.11,82.13
395,456.55,64.56,141.27
396,253.0
123,253.0
397,253.0
398,
399,129.30
259,
400,401.116
402,
403,177.117,253.0
404,253.0
277,
405,76.77,76.78
406,
161,
407,
408,
409,253.0
331,
410,
411,
80,30.79,30.80,118.118,253.0
412,253.0
413,
414,
367,
300,58.74,58.119
133,494.43
421,
351,82.11,82.13
375,
422,
136,278.120,253.0
423,
424,
425,
246,
426,
221,434.31,434.41,434.32,434.33,494.121,494.42,494.122,494.43,273.123,273.124,273.125
427,253.0
416,434.31,434.32,434.33
428,
429,
60,
430,
68,76.77,149.126,149.127,253.0
242,431.128
394,20.104,20.106,20.108,253.0
432,
150,
433,253.0
26,
434,
178,179.38,179.39,253.0
435,
129,128.129,253.0
437,237.130,253.0
438,
439,112.131,112.132,112.133,112.134,112.135,253.0
440,303.10,253.0
441,298.136,253.0
360,
327,
442,
332,
261,
443,253.0
211,253.0
233,
444,253.0
445,
384,
280,253.0
446,494.51
302,303.10
18,
16,447.137,253.0
376,
363,494.61,494.62
43,
448,
97,253.0
449,
292,253.0
140,253.0
67,
231,253.0
145,455.138,253.0
450,20.139,253.0
364,494.61,494.62
19,30.79,30.80,30.81,262.140,253.0
451,
370,20.108,253.0
282,
452,
453,446.141
88,253.0
156,
75,
454,253.0
455,232.142,253.0
456,253.0
457,280.143,253.0
309,
338,233.147,233.148,253.0
458,
459,
315,76.77,76.78
460,
462,253.0
222,463.95,463.96,494.61,494.62
464,253.0
465,
466,38.144,305.111,158.145,158.146,253.0
58,
467,11.7,11.8
64,253.0
468,235.152,253.0
183,
146,253.0
463,
469,
470,
471,
78,76.77,76.78
472,253.0
473,76.77,253.0
474,
475,76.77,77.70,82.11,82.13
314,
20,30.81,253.0
347,
447,253.0
476,
477,494.51
478,
479,494.153,494.63,494.43
216,253.0
32,245.150,205.151,253.0
74,
480,
82,76.77,76.78
481,
END
0,281
2,148,437,6
7,
12,13
15,
21,23
27,
28,
29,
33,
34,
36,348
38,39,143
41,
45,11
46,
48,
30,
52,53,54
56,148,57,58
59,13,421,379,44,60
61,
42,62,119
65,357,5,6
55,469,30
69,70
72,30,55
73,74,75,30,80,83
86,
89,30,19
90,
91,
81,293,74,359,95,167
96,
102,
103,71,104
11,
108,193,281
111,
112,
113,70
47,
115,116
117,452
118,30,55,80
121,11
122,
125,
106,
126,
127,251
128,
130,71
131,
134,136,138
77,80,490
139,
142,
44,74,62,13,421,119
147,
4,
101,481,53,54,62,52,190,348,10,100,119,44,155
157,237,5,6
158,
160,486,161
163,
164,
98,99
165,20
166,
167,
168,161
62,119,44
169,30,55
170,
31,
171,13,332
172,
174,74
175,148,177,283,328,329
180,74,95
138,
51,
181,260,132,420
184,16,93,347,39
186,379,187
188,
189,171
190,53,52
191,483
192,
193,379
57,187
149,74
195,
196,30
197,130
109,
198,
199,92
200,
92,28
202,11
203,
204,31
206,
207,
208,210
213,11
214,216
217,237,5,6
218,168,10
219,11
220,418
1,
228,130
107,
229,
232,30,19,20,55
235,71
236,216
237,5
238,
239,11
240,148
241,486,431
243,260,132
244,135
245,
247,
110,
248,
249,344,250
251,13
252,
254,
255,
256,11
257,30,55
253,
226,259,225
260,132
262,30,19
263,291
264,30,99,55
266,
267,77,30,55,80
268,13,251
269,383
271,13,161,331,332,482
272,
105,
177,
273,
275,
162,
276,298,345
283,284
209,
288,214,216,116
289,469,19
290,260,132,274
40,74,39
291,93
293,
294,
265,148
295,
296,297,334,187
298,461
299,148,74,300,58
301,148,302,303
14,30,19,167
304,
306,
307,71
308,
173,310
311,
312,272
313,62,314,119,44,60
287,148,286
316,193,281
317,
318,136
319,
320,30,145,321,119,60
141,130
321,145,491,119,60
201,92
322,
285,
323,
324,483
205,91
325,
326,11
179,284,344,250
23,330,13,161,331,379,332
333,
50,
334,30,55,297
335,
35,
337,
223,225
340,11
234,
341,
9,
10,130,71,385,371,330,13,161,331,189,379,332,168,171,342,68
70,93
343,11
344,284,379
278,135
87,
346,93,347,39,143
348,379,100
135,281
349,30,350
352,385,54,100
194,57,186,187
124,
84,
176,71,148
354,328
355,
356,53,54,190
258,
357,5
358,
359,
185,
116,355
361,65,6
362,419
365,
120,
114,
39,40
369,148,302,193,303
339,330,20
371,10
8,
372,
17,
215,
373,469,30
305,
374,130
212,193,489,164
53,54,10,100
24,23
377,293,385,57,10,187
378,
379,
54,100,101
94,93
383,379
25,
151,54,384
385,
386,
387,54,388
388,93,74,54,62,152,10,100,101,44,68
389,30,80
227,225
13,379
390,91
99,54,30,145,100,119
391,237,5,6
144,111
224,
392,
297,57,187
393,
3,
85,74,371,75,13,10,83
395,65,6
396,5,6
123,
397,
398,52
399,
259,225
400,13,12,414,332,171
402,406,155
403,
404,
277,135
405,44
406,348
161,379,10
407,74,95,180
408,161
409,53,54,52
331,379
410,
411,
80,55,490,366
412,
413,290,243
414,451
367,66
300,10,58
133,260,290,479,132,274,420
421,13,119,44
351,74,385,10,350,68
375,137
422,
136,135,147
423,381,382
424,
425,161,482
246,
426,469,19,289,366
221,274
427,
416,
428,44,60
429,
60,119,366,484
430,270
68,293,74,13,189,379,171,30
242,401,13,161,331,348,332
394,469,20,474,55,487
432,183
150,54,384
433,116
26,385,161,10
434,
178,
435,237,5,6
129,
437,5,6
438,53,356,190,155
439,286,112
440,302,412,303
441,148,302,303
360,
327,
442,297,187
332,13
261,74
443,
211,
233,385
444,
445,481
384,54,152,13,12,332,100
280,
446,243
302,412,303
18,28
16,93
376,135,138
363,74,182
43,307
448,339,20
97,
449,
292,
140,
67,30,55
231,230,488
145,30,55,119
450,74,57,20,297,334,187
364,182
19,293,30
451,379
370,469,339,20,474,55
282,135
452,251
453,260,420
88,
156,330,331,100,119,155
75,83
454,6
455,30,145,55,119,44
456,
457,461,281
309,130
338,385,330,10
458,
459,59,421,60
315,
460,461,316
462,39
222,463,225
464,
465,250
466,
58,74,385,57,331,10,68,187
467,11
64,130
468,
183,
146,
463,225
469,30,19
470,130
471,11
78,
472,
473,30,145,321,119,60
474,30,55
475,77,30,55,80
314,62,59,60
20,385,474,55
347,185
447,16
476,65,6
477,243,417
478,74,62,13,451,332
479,260,420
216,355
32,93,332,31,204,91
74,
480,74
82,93,11
481,53,54
